# ell	Cl_98	err_98	Cl_98x150	err_98x150	Cl_150	err_150
350.5	9.462209e-04	6.096616e-05	8.928427e-04	4.397118e-05	8.616306e-04	4.732016e-05
400.5	8.435634e-04	5.321967e-05	8.478412e-04	3.727209e-05	8.571152e-04	3.862449e-05
450.5	5.328747e-04	3.460844e-05	5.205610e-04	2.376445e-05	4.921633e-04	2.559714e-05
500.5	2.053948e-04	2.169700e-05	2.046547e-04	1.388020e-05	2.063342e-04	1.510973e-05
550.5	1.538771e-04	1.798308e-05	1.476943e-04	1.233206e-05	1.546159e-04	1.312670e-05
600.5	3.271773e-04	2.241885e-05	3.219122e-04	1.513329e-05	3.014571e-04	1.573221e-05
650.5	4.951558e-04	2.436724e-05	4.522216e-04	1.720753e-05	4.378871e-04	1.826383e-05
700.5	4.703452e-04	2.289440e-05	4.612612e-04	1.594338e-05	4.709246e-04	1.729172e-05
750.5	3.172486e-04	1.785956e-05	3.102837e-04	1.172884e-05	3.047000e-04	1.241243e-05
800.5	1.668365e-04	1.282109e-05	1.549999e-04	8.033044e-06	1.502489e-04	8.646506e-06
850.5	1.111218e-04	1.159873e-05	1.117733e-04	6.885741e-06	1.092589e-04	7.837270e-06
900.5	2.231695e-04	1.335628e-05	1.850962e-04	8.248734e-06	1.854475e-04	8.743371e-06
950.5	2.414744e-04	1.423555e-05	2.598747e-04	9.308219e-06	2.611633e-04	9.695868e-06
1000.5	2.714553e-04	1.354400e-05	2.610892e-04	8.920613e-06	2.482074e-04	9.550999e-06
1050.5	1.566503e-04	1.149499e-05	1.721555e-04	7.495036e-06	1.736790e-04	8.033556e-06
1100.5	9.985905e-05	9.387845e-06	1.028929e-04	5.778817e-06	9.758765e-05	6.226292e-06
1150.5	6.551060e-05	8.295581e-06	6.246937e-05	4.609858e-06	6.394347e-05	5.257212e-06
1200.5	7.998999e-05	8.648353e-06	7.214461e-05	5.008579e-06	6.175685e-05	5.297726e-06
1250.5	9.359690e-05	9.278559e-06	1.117486e-04	5.431053e-06	1.114926e-04	5.808024e-06
1300.5	1.192993e-04	8.851846e-06	1.124016e-04	5.314302e-06	1.068068e-04	5.894091e-06
1350.5	8.814649e-05	8.292686e-06	7.950021e-05	4.941810e-06	8.940434e-05	5.170132e-06
1400.5	5.497026e-05	7.760030e-06	4.888952e-05	4.042807e-06	4.919257e-05	4.423436e-06
1450.5	3.729638e-05	7.366927e-06	3.827104e-05	3.876219e-06	3.009850e-05	4.222751e-06
1500.5	3.921701e-05	7.734550e-06	2.754242e-05	3.956082e-06	3.320140e-05	3.997915e-06
1550.5	4.198017e-05	7.215993e-06	4.933953e-05	3.810508e-06	4.193930e-05	4.205248e-06
1600.5	5.081884e-05	7.420434e-06	4.768895e-05	3.952827e-06	5.069375e-05	4.150325e-06
1650.5	4.430381e-05	7.385871e-06	3.791256e-05	3.931998e-06	3.757322e-05	4.035614e-06
1700.5	4.013757e-05	7.036636e-06	2.638748e-05	3.805436e-06	1.825605e-05	3.671013e-06
1750.5	1.638807e-05	7.122786e-06	1.676375e-05	3.556250e-06	1.671066e-05	3.437533e-06
1800.5	1.293709e-05	6.773031e-06	1.393914e-05	3.477361e-06	1.842510e-05	3.575699e-06
1850.5	1.770386e-05	7.053602e-06	1.659757e-05	3.400308e-06	1.808279e-05	3.376963e-06
1900.5	1.784075e-05	6.846952e-06	2.595171e-05	3.344381e-06	1.855574e-05	3.350752e-06
1950.5	1.223999e-05	6.953523e-06	1.869815e-05	3.394911e-06	7.582423e-06	3.540042e-06
2000.5	3.576247e-06	7.208383e-06	1.436070e-05	3.401005e-06	1.421971e-05	3.221147e-06
2075.5	3.998461e-06	4.657504e-06	1.030999e-05	2.404534e-06	6.485907e-06	2.133298e-06
2175.5	1.606798e-05	4.587498e-06	4.115822e-06	2.219543e-06	5.071579e-06	2.158524e-06
2275.5	9.820056e-06	4.587367e-06	9.256319e-06	2.408136e-06	4.917113e-06	2.220846e-06
2375.5	2.653922e-06	4.608486e-06	2.820551e-06	2.308495e-06	4.199376e-06	2.060031e-06
2475.5	-2.876871e-06	5.119911e-06	5.851341e-06	2.256174e-06	-3.670866e-06	1.978982e-06
2625.5	-3.821113e-06	3.468057e-06	-5.164829e-07	1.542579e-06	2.538255e-06	1.499170e-06
2825.5	1.733714e-06	3.429962e-06	2.618891e-06	1.581498e-06	3.932195e-06	1.379934e-06
3025.5	1.583434e-06	3.810491e-06	-1.403730e-06	1.534574e-06	-5.433340e-07	1.369160e-06
3325.5	-2.389210e-06	2.901840e-06	-1.142211e-06	1.199663e-06	7.952071e-07	1.026335e-06
3725.5	3.236795e-07	3.100484e-06	-1.331923e-06	1.305770e-06	-7.375366e-07	9.993154e-07
4125.5	5.518496e-06	3.744131e-06	-1.410116e-06	1.393310e-06	8.709293e-07	1.105746e-06
4525.5	8.143785e-06	5.118683e-06	1.286309e-06	1.753241e-06	-1.814684e-06	1.322039e-06
4925.5	6.308909e-06	6.316493e-06	2.421778e-07	1.991837e-06	2.108912e-06	1.410442e-06
5325.5	-1.916670e-07	7.345679e-06	-1.837277e-06	2.272312e-06	-4.533340e-06	1.484700e-06
5725.5	3.372183e-06	8.942042e-06	-4.053337e-07	2.538722e-06	-3.677989e-07	1.590555e-06
6125.5	1.812160e-06	1.148758e-05	3.629859e-06	3.093513e-06	8.601612e-07	1.733516e-06
6725.5	-1.458383e-06	1.273374e-05	2.568906e-06	3.074290e-06	2.836716e-07	1.448395e-06
7525.5	-4.489609e-05	2.365910e-05	8.023933e-06	4.796067e-06	-6.142699e-07	1.815609e-06
