# ell	Cl_98	err_98	Cl_98x150	err_98x150	Cl_150	err_150
350.5	7.632942e-04	1.243479e-04	7.867207e-04	9.936830e-05	7.909174e-04	9.294431e-05
400.5	9.118303e-04	1.014528e-04	8.741266e-04	8.082325e-05	8.253526e-04	7.716113e-05
450.5	5.011958e-04	6.408559e-05	4.882452e-04	4.914378e-05	4.731846e-04	4.499163e-05
500.5	1.919311e-04	3.181756e-05	1.889010e-04	2.304163e-05	1.890228e-04	2.128145e-05
550.5	1.563610e-04	2.702182e-05	1.728293e-04	1.870949e-05	1.885870e-04	1.694235e-05
600.5	3.156982e-04	3.946296e-05	3.133378e-04	3.014017e-05	3.138961e-04	2.759058e-05
650.5	4.694324e-04	4.756610e-05	4.495999e-04	3.649511e-05	4.431032e-04	3.451420e-05
700.5	4.788222e-04	4.539927e-05	4.724599e-04	3.427936e-05	4.658431e-04	3.135008e-05
750.5	2.932657e-04	3.155467e-05	3.026058e-04	2.386342e-05	3.027529e-04	2.187619e-05
800.5	1.553117e-04	1.830153e-05	1.599184e-04	1.308383e-05	1.563609e-04	1.182861e-05
850.5	1.110249e-04	1.580162e-05	9.808313e-05	1.043458e-05	9.243831e-05	9.766011e-06
900.5	1.814308e-04	1.946210e-05	1.749644e-04	1.369940e-05	1.762212e-04	1.261962e-05
950.5	2.961918e-04	2.281366e-05	2.797524e-04	1.661440e-05	2.667565e-04	1.517193e-05
1000.5	2.373005e-04	2.203059e-05	2.554425e-04	1.642190e-05	2.552224e-04	1.524901e-05
1050.5	1.697746e-04	1.733872e-05	1.716587e-04	1.242341e-05	1.725733e-04	1.172523e-05
1100.5	9.538980e-05	1.213807e-05	9.199212e-05	7.973603e-06	9.023496e-05	7.424580e-06
1150.5	5.721541e-05	9.114772e-06	5.746735e-05	5.366118e-06	5.558721e-05	4.986570e-06
1200.5	7.529832e-05	1.011026e-05	7.433258e-05	5.994236e-06	7.186809e-05	5.326559e-06
1250.5	6.991533e-05	1.094803e-05	8.942295e-05	6.923296e-06	9.595662e-05	6.171728e-06
1300.5	1.108228e-04	1.110877e-05	1.074235e-04	7.069557e-06	1.053161e-04	6.428678e-06
1350.5	1.012443e-04	9.951405e-06	9.076125e-05	6.124181e-06	8.764446e-05	5.449068e-06
1400.5	5.241730e-05	7.919775e-06	5.715978e-05	4.626128e-06	5.909152e-05	3.876747e-06
1450.5	3.442331e-05	6.637706e-06	3.240899e-05	3.352991e-06	3.503839e-05	2.917905e-06
1500.5	4.142329e-05	6.805397e-06	3.731141e-05	3.228722e-06	3.403352e-05	2.787951e-06
1550.5	4.568994e-05	6.939204e-06	4.392239e-05	3.529052e-06	4.080388e-05	3.110030e-06
1600.5	4.795334e-05	7.266828e-06	4.768460e-05	3.666084e-06	4.508419e-05	3.174384e-06
1650.5	4.115286e-05	6.778047e-06	4.711239e-05	3.284248e-06	4.310379e-05	2.804281e-06
1700.5	3.370059e-05	6.525380e-06	3.211957e-05	2.840655e-06	3.011202e-05	2.366527e-06
1750.5	9.550395e-06	5.775334e-06	1.595997e-05	2.391335e-06	1.969399e-05	1.811535e-06
1800.5	1.524569e-05	5.817644e-06	1.446126e-05	2.216741e-06	1.444859e-05	1.670729e-06
1850.5	1.421931e-05	5.385506e-06	1.739566e-05	2.257900e-06	1.544204e-05	1.704523e-06
1900.5	1.769214e-05	5.678197e-06	2.049022e-05	2.269380e-06	2.012579e-05	1.705806e-06
1950.5	1.132373e-05	5.769110e-06	1.799985e-05	2.241220e-06	1.733590e-05	1.671862e-06
2000.5	1.346108e-05	5.484713e-06	1.091499e-05	2.129844e-06	1.247809e-05	1.528590e-06
2075.5	1.068181e-05	3.394006e-06	7.836427e-06	1.244456e-06	8.563652e-06	8.519172e-07
2175.5	2.841286e-06	3.462567e-06	6.003192e-06	1.180863e-06	6.480078e-06	8.077945e-07
2275.5	5.255102e-06	3.537572e-06	6.992135e-06	1.142020e-06	6.422641e-06	7.931672e-07
2375.5	3.932489e-06	3.409227e-06	2.502610e-06	1.093429e-06	4.329684e-06	7.184883e-07
2475.5	9.165679e-07	3.582750e-06	1.811635e-06	1.052169e-06	3.559523e-06	6.722533e-07
2625.5	4.088934e-06	2.407249e-06	2.038909e-06	7.116709e-07	1.980145e-06	4.531255e-07
2825.5	-1.018299e-06	2.419885e-06	7.172677e-07	7.105858e-07	1.853825e-06	4.277433e-07
3025.5	-1.484097e-07	2.680569e-06	4.441388e-07	7.381345e-07	5.322094e-07	4.326773e-07
3325.5	-3.839334e-06	1.973678e-06	-7.870783e-07	5.311467e-07	-1.142711e-07	2.877351e-07
3725.5	-4.241601e-06	2.215542e-06	7.796330e-07	5.954913e-07	-2.991858e-08	3.058008e-07
4125.5	-1.361078e-06	2.559739e-06	4.383005e-07	6.258163e-07	-1.176702e-07	3.137004e-07
4525.5	1.721842e-06	2.945403e-06	-1.502823e-06	7.023614e-07	3.648734e-07	3.333669e-07
4925.5	-4.940059e-06	3.387267e-06	-1.055904e-06	7.782453e-07	3.152532e-07	3.491170e-07
5325.5	1.732139e-06	4.242111e-06	9.851354e-08	8.723606e-07	-2.329034e-07	3.878371e-07
5725.5	-4.235533e-06	5.427123e-06	-3.427920e-07	1.079095e-06	4.583412e-07	4.260353e-07
6125.5	-3.523180e-07	6.785649e-06	-9.914301e-07	1.241997e-06	-3.241243e-07	4.580415e-07
6725.5	5.225521e-06	6.880338e-06	-5.222030e-07	1.130412e-06	-1.733889e-07	3.870945e-07
7525.5	-2.888497e-06	1.333520e-05	-3.598109e-07	1.793942e-06	3.793043e-07	4.647379e-07
