# l Dl_TT Dl_TE Dl_TB Dl_ET Dl_BT Dl_EE Dl_EB Dl_BE Dl_BB
6.350000000000000000e+01 -1.692330678448894640e-03 0.000000000000000000e+00 0.000000000000000000e+00 1.472955132308286534e-06 7.323545850577952964e-06 0.000000000000000000e+00 0.000000000000000000e+00 0.000000000000000000e+00 0.000000000000000000e+00
1.505000000000000000e+02 -5.193131935623667220e-03 0.000000000000000000e+00 0.000000000000000000e+00 -3.405986809500885466e-05 7.536937817039726249e-05 0.000000000000000000e+00 0.000000000000000000e+00 0.000000000000000000e+00 0.000000000000000000e+00
2.005000000000000000e+02 -7.568907864836030633e-03 0.000000000000000000e+00 0.000000000000000000e+00 6.677650292709508305e-05 5.655887832782535707e-05 0.000000000000000000e+00 0.000000000000000000e+00 0.000000000000000000e+00 0.000000000000000000e+00
2.505000000000000000e+02 -5.593007758671230539e-03 0.000000000000000000e+00 0.000000000000000000e+00 1.251595875760025953e-05 -7.120619832696980557e-05 0.000000000000000000e+00 0.000000000000000000e+00 0.000000000000000000e+00 0.000000000000000000e+00
3.005000000000000000e+02 -6.884893048251866481e-03 0.000000000000000000e+00 0.000000000000000000e+00 1.834033194205242500e-05 -7.465577127296496465e-05 0.000000000000000000e+00 0.000000000000000000e+00 0.000000000000000000e+00 0.000000000000000000e+00
3.505000000000000000e+02 -7.172163318644453334e-03 0.000000000000000000e+00 0.000000000000000000e+00 -1.168712832065898523e-04 1.168391600881593932e-06 0.000000000000000000e+00 0.000000000000000000e+00 0.000000000000000000e+00 0.000000000000000000e+00
4.005000000000000000e+02 -8.386530933450408662e-03 0.000000000000000000e+00 0.000000000000000000e+00 -1.165658752102004074e-04 7.426437029424354317e-05 0.000000000000000000e+00 0.000000000000000000e+00 0.000000000000000000e+00 0.000000000000000000e+00
4.505000000000000000e+02 -9.906740026878113267e-03 0.000000000000000000e+00 0.000000000000000000e+00 -1.146797047512657624e-05 -3.345675642710844988e-05 0.000000000000000000e+00 0.000000000000000000e+00 0.000000000000000000e+00 0.000000000000000000e+00
5.005000000000000000e+02 -1.492967376973680822e-02 0.000000000000000000e+00 0.000000000000000000e+00 -1.045403514046030059e-04 -1.980279322886977319e-05 0.000000000000000000e+00 0.000000000000000000e+00 0.000000000000000000e+00 0.000000000000000000e+00
5.505000000000000000e+02 -8.735076471453303085e-03 0.000000000000000000e+00 0.000000000000000000e+00 -1.362751028450059410e-04 8.696004337954025621e-05 0.000000000000000000e+00 0.000000000000000000e+00 0.000000000000000000e+00 0.000000000000000000e+00
6.005000000000000000e+02 -1.329097357311021486e-02 0.000000000000000000e+00 0.000000000000000000e+00 -5.937822645044658979e-05 -1.627165075858227439e-04 0.000000000000000000e+00 0.000000000000000000e+00 0.000000000000000000e+00 0.000000000000000000e+00
6.505000000000000000e+02 -7.577823918932309610e-03 0.000000000000000000e+00 0.000000000000000000e+00 -6.292150746373654873e-05 8.778577256225493324e-05 0.000000000000000000e+00 0.000000000000000000e+00 0.000000000000000000e+00 0.000000000000000000e+00
7.005000000000000000e+02 -1.732268302932342408e-02 0.000000000000000000e+00 0.000000000000000000e+00 9.324383409934619343e-05 1.446196738121446630e-04 0.000000000000000000e+00 0.000000000000000000e+00 0.000000000000000000e+00 0.000000000000000000e+00
7.505000000000000000e+02 -1.639826148334556921e-02 0.000000000000000000e+00 0.000000000000000000e+00 3.089343258670586723e-04 -1.686320928414066758e-05 0.000000000000000000e+00 0.000000000000000000e+00 0.000000000000000000e+00 0.000000000000000000e+00
8.005000000000000000e+02 -2.785883783590204291e-02 0.000000000000000000e+00 0.000000000000000000e+00 1.080277222592883617e-04 -4.282857609111571993e-04 0.000000000000000000e+00 0.000000000000000000e+00 0.000000000000000000e+00 0.000000000000000000e+00
8.505000000000000000e+02 -2.688118251981090612e-02 0.000000000000000000e+00 0.000000000000000000e+00 -3.967152296438330962e-04 1.839235739813160160e-04 0.000000000000000000e+00 0.000000000000000000e+00 0.000000000000000000e+00 0.000000000000000000e+00
9.005000000000000000e+02 -1.893839186728057608e-02 0.000000000000000000e+00 0.000000000000000000e+00 -2.634833277904275167e-04 -3.164364872204533446e-04 0.000000000000000000e+00 0.000000000000000000e+00 0.000000000000000000e+00 0.000000000000000000e+00
9.505000000000000000e+02 -3.573544376956454965e-02 0.000000000000000000e+00 0.000000000000000000e+00 1.869249158417235729e-04 7.010306859226030606e-05 0.000000000000000000e+00 0.000000000000000000e+00 0.000000000000000000e+00 0.000000000000000000e+00
1.000500000000000000e+03 -1.714909326701178488e-02 0.000000000000000000e+00 0.000000000000000000e+00 1.018750767882640852e-06 4.939896425915281413e-05 0.000000000000000000e+00 0.000000000000000000e+00 0.000000000000000000e+00 0.000000000000000000e+00
1.050500000000000000e+03 -2.429670233204891602e-02 0.000000000000000000e+00 0.000000000000000000e+00 -2.486899747692658644e-04 2.621741119450634629e-04 0.000000000000000000e+00 0.000000000000000000e+00 0.000000000000000000e+00 0.000000000000000000e+00
1.100500000000000000e+03 -2.629927978015516102e-02 0.000000000000000000e+00 0.000000000000000000e+00 -2.624829838549960336e-04 -1.802625682834577091e-05 0.000000000000000000e+00 0.000000000000000000e+00 0.000000000000000000e+00 0.000000000000000000e+00
1.150500000000000000e+03 -1.806520256259834534e-02 0.000000000000000000e+00 0.000000000000000000e+00 1.763685493446619256e-04 3.135576271298762480e-04 0.000000000000000000e+00 0.000000000000000000e+00 0.000000000000000000e+00 0.000000000000000000e+00
1.200500000000000000e+03 -2.617042150045835805e-02 0.000000000000000000e+00 0.000000000000000000e+00 -2.885915744045202476e-04 -1.368372642555628032e-04 0.000000000000000000e+00 0.000000000000000000e+00 0.000000000000000000e+00 0.000000000000000000e+00
1.250500000000000000e+03 -1.394121101502243144e-02 0.000000000000000000e+00 0.000000000000000000e+00 -3.443712393249279309e-04 -3.343874653891675198e-05 0.000000000000000000e+00 0.000000000000000000e+00 0.000000000000000000e+00 0.000000000000000000e+00
1.300500000000000000e+03 -2.549745055971884208e-02 0.000000000000000000e+00 0.000000000000000000e+00 -1.257783604445528137e-04 3.796747778031324318e-04 0.000000000000000000e+00 0.000000000000000000e+00 0.000000000000000000e+00 0.000000000000000000e+00
1.350500000000000000e+03 -2.479744462884768755e-02 0.000000000000000000e+00 0.000000000000000000e+00 -4.655352840700805492e-04 3.109183249952253729e-04 0.000000000000000000e+00 0.000000000000000000e+00 0.000000000000000000e+00 0.000000000000000000e+00
1.400500000000000000e+03 -2.999379207744826137e-02 0.000000000000000000e+00 0.000000000000000000e+00 1.803586581327155990e-04 3.061039614190879976e-05 0.000000000000000000e+00 0.000000000000000000e+00 0.000000000000000000e+00 0.000000000000000000e+00
1.450500000000000000e+03 -3.026651385733307789e-02 0.000000000000000000e+00 0.000000000000000000e+00 -4.616894121648495498e-04 -1.754980564739422278e-04 0.000000000000000000e+00 0.000000000000000000e+00 0.000000000000000000e+00 0.000000000000000000e+00
1.500500000000000000e+03 -2.198985714396219787e-02 0.000000000000000000e+00 0.000000000000000000e+00 -1.060821788662835653e-04 3.398465272672823918e-04 0.000000000000000000e+00 0.000000000000000000e+00 0.000000000000000000e+00 0.000000000000000000e+00
1.550500000000000000e+03 -3.053989155587960233e-02 0.000000000000000000e+00 0.000000000000000000e+00 1.402648876106931677e-04 -3.436655749610142345e-05 0.000000000000000000e+00 0.000000000000000000e+00 0.000000000000000000e+00 0.000000000000000000e+00
1.600500000000000000e+03 -9.651231133997467335e-03 0.000000000000000000e+00 0.000000000000000000e+00 1.361350970374342506e-04 1.481650012714190139e-05 0.000000000000000000e+00 0.000000000000000000e+00 0.000000000000000000e+00 0.000000000000000000e+00
1.650500000000000000e+03 -5.936165622081098631e-02 0.000000000000000000e+00 0.000000000000000000e+00 2.413253220739806286e-04 -6.637153136722667333e-05 0.000000000000000000e+00 0.000000000000000000e+00 0.000000000000000000e+00 0.000000000000000000e+00
1.700500000000000000e+03 -2.946291087097152595e-02 0.000000000000000000e+00 0.000000000000000000e+00 -4.458090716786841743e-04 -1.348143767655823292e-04 0.000000000000000000e+00 0.000000000000000000e+00 0.000000000000000000e+00 0.000000000000000000e+00
1.750500000000000000e+03 -2.927668753479513095e-02 0.000000000000000000e+00 0.000000000000000000e+00 1.408854522058245612e-04 1.101875888729437282e-04 0.000000000000000000e+00 0.000000000000000000e+00 0.000000000000000000e+00 0.000000000000000000e+00
1.800500000000000000e+03 -3.474585049664098702e-02 0.000000000000000000e+00 0.000000000000000000e+00 -1.458525978205057441e-04 -1.744301384525360997e-05 0.000000000000000000e+00 0.000000000000000000e+00 0.000000000000000000e+00 0.000000000000000000e+00
1.850500000000000000e+03 -2.613224296212265929e-02 0.000000000000000000e+00 0.000000000000000000e+00 -7.788350514282787020e-04 -6.027838273897153943e-05 0.000000000000000000e+00 0.000000000000000000e+00 0.000000000000000000e+00 0.000000000000000000e+00
1.900500000000000000e+03 -2.273540941356394854e-02 0.000000000000000000e+00 0.000000000000000000e+00 -6.130174719822350055e-06 1.585821407986188244e-04 0.000000000000000000e+00 0.000000000000000000e+00 0.000000000000000000e+00 0.000000000000000000e+00
1.950500000000000000e+03 -1.364177175369171192e-02 0.000000000000000000e+00 0.000000000000000000e+00 6.224975822719330484e-05 4.148102065891704068e-04 0.000000000000000000e+00 0.000000000000000000e+00 0.000000000000000000e+00 0.000000000000000000e+00
2.000500000000000000e+03 -1.993764193365891307e-02 0.000000000000000000e+00 0.000000000000000000e+00 3.260044118114056324e-05 2.153010346241197512e-04 0.000000000000000000e+00 0.000000000000000000e+00 0.000000000000000000e+00 0.000000000000000000e+00
2.075500000000000000e+03 -3.934518506301212803e-02 0.000000000000000000e+00 0.000000000000000000e+00 7.034919041624186322e-06 -1.866064680420842514e-04 0.000000000000000000e+00 0.000000000000000000e+00 0.000000000000000000e+00 0.000000000000000000e+00
2.175500000000000000e+03 -4.156141650748972072e-02 0.000000000000000000e+00 0.000000000000000000e+00 -3.044360421488331403e-04 1.068935015986913016e-04 0.000000000000000000e+00 0.000000000000000000e+00 0.000000000000000000e+00 0.000000000000000000e+00
2.275500000000000000e+03 -3.103614601013875846e-02 0.000000000000000000e+00 0.000000000000000000e+00 3.949616643386161708e-04 -2.655628160861968324e-04 0.000000000000000000e+00 0.000000000000000000e+00 0.000000000000000000e+00 0.000000000000000000e+00
2.375500000000000000e+03 -3.376729463790698049e-02 0.000000000000000000e+00 0.000000000000000000e+00 -9.875121579705407155e-05 -1.389833894679684762e-04 0.000000000000000000e+00 0.000000000000000000e+00 0.000000000000000000e+00 0.000000000000000000e+00
2.475500000000000000e+03 -4.645386122266291495e-02 0.000000000000000000e+00 0.000000000000000000e+00 3.148229669723333433e-04 3.663362688202117341e-04 0.000000000000000000e+00 0.000000000000000000e+00 0.000000000000000000e+00 0.000000000000000000e+00
2.625500000000000000e+03 -4.971577821003927977e-02 0.000000000000000000e+00 0.000000000000000000e+00 -5.732123414170696104e-05 1.044547697979544717e-06 0.000000000000000000e+00 0.000000000000000000e+00 0.000000000000000000e+00 0.000000000000000000e+00
2.825500000000000000e+03 -4.554108692646696710e-02 0.000000000000000000e+00 0.000000000000000000e+00 7.962296678701667187e-05 -2.205561931625989061e-04 0.000000000000000000e+00 0.000000000000000000e+00 0.000000000000000000e+00 0.000000000000000000e+00
3.025500000000000000e+03 -3.952097826146708931e-02 0.000000000000000000e+00 0.000000000000000000e+00 4.260331861556186758e-04 -1.952219641842457701e-04 0.000000000000000000e+00 0.000000000000000000e+00 0.000000000000000000e+00 0.000000000000000000e+00
3.325500000000000000e+03 -4.860224378881621010e-02 0.000000000000000000e+00 0.000000000000000000e+00 3.537267454975454039e-05 -9.586420738306837446e-08 0.000000000000000000e+00 0.000000000000000000e+00 0.000000000000000000e+00 0.000000000000000000e+00
3.725500000000000000e+03 -3.669786171178453932e-02 0.000000000000000000e+00 0.000000000000000000e+00 2.566677032698048869e-05 -3.538310105681490925e-04 0.000000000000000000e+00 0.000000000000000000e+00 0.000000000000000000e+00 0.000000000000000000e+00
4.125500000000000000e+03 -4.442263183660784265e-02 0.000000000000000000e+00 0.000000000000000000e+00 -3.005191537556009302e-04 4.670909723260607057e-05 0.000000000000000000e+00 0.000000000000000000e+00 0.000000000000000000e+00 0.000000000000000000e+00
4.525500000000000000e+03 -3.748826408044977909e-02 0.000000000000000000e+00 0.000000000000000000e+00 -1.841016866036052747e-05 8.568849197821597894e-06 0.000000000000000000e+00 0.000000000000000000e+00 0.000000000000000000e+00 0.000000000000000000e+00
4.925500000000000000e+03 -3.422081934480634274e-02 0.000000000000000000e+00 0.000000000000000000e+00 -1.989670205362545352e-06 2.473758834953552059e-05 0.000000000000000000e+00 0.000000000000000000e+00 0.000000000000000000e+00 0.000000000000000000e+00
5.325500000000000000e+03 -4.086999826065808306e-02 0.000000000000000000e+00 0.000000000000000000e+00 -5.262639050154166993e-06 2.772934946133668276e-04 0.000000000000000000e+00 0.000000000000000000e+00 0.000000000000000000e+00 0.000000000000000000e+00
5.725500000000000000e+03 -3.531130040182912239e-02 0.000000000000000000e+00 0.000000000000000000e+00 -1.493227117051835746e-04 3.186860301761282023e-05 0.000000000000000000e+00 0.000000000000000000e+00 0.000000000000000000e+00 0.000000000000000000e+00
6.125500000000000000e+03 -3.259345870811722334e-02 0.000000000000000000e+00 0.000000000000000000e+00 -1.961604032679803075e-04 -6.739043997183801849e-05 0.000000000000000000e+00 0.000000000000000000e+00 0.000000000000000000e+00 0.000000000000000000e+00
6.725500000000000000e+03 -3.310706194622289877e-02 0.000000000000000000e+00 0.000000000000000000e+00 -9.570693784035840012e-05 -9.483012492937920436e-05 0.000000000000000000e+00 0.000000000000000000e+00 0.000000000000000000e+00 0.000000000000000000e+00
7.525500000000000000e+03 -3.629705710400590174e-02 0.000000000000000000e+00 0.000000000000000000e+00 -8.043511562846910505e-05 2.671144305018975556e-05 0.000000000000000000e+00 0.000000000000000000e+00 0.000000000000000000e+00 0.000000000000000000e+00
