# l Dl_TT Dl_TE Dl_TB Dl_ET Dl_BT Dl_EE Dl_EB Dl_BE Dl_BB
6.350000000000000000e+01 1.691624596314437144e-03 0.000000000000000000e+00 0.000000000000000000e+00 4.817011332122580390e-05 -8.469026504108876071e-06 0.000000000000000000e+00 0.000000000000000000e+00 0.000000000000000000e+00 0.000000000000000000e+00
1.505000000000000000e+02 2.716588043487801066e-04 0.000000000000000000e+00 0.000000000000000000e+00 2.263952755509599079e-05 1.971539397653882509e-06 0.000000000000000000e+00 0.000000000000000000e+00 0.000000000000000000e+00 0.000000000000000000e+00
2.005000000000000000e+02 -5.540463743273790716e-05 0.000000000000000000e+00 0.000000000000000000e+00 3.483595116747688745e-06 -4.293310832612924425e-06 0.000000000000000000e+00 0.000000000000000000e+00 0.000000000000000000e+00 0.000000000000000000e+00
2.505000000000000000e+02 -5.305141330441393819e-05 0.000000000000000000e+00 0.000000000000000000e+00 -5.856070683056297823e-07 3.002550252444450698e-06 0.000000000000000000e+00 0.000000000000000000e+00 0.000000000000000000e+00 0.000000000000000000e+00
3.005000000000000000e+02 4.574847860572769129e-05 0.000000000000000000e+00 0.000000000000000000e+00 -8.318605802983053673e-06 1.156817292095634601e-06 0.000000000000000000e+00 0.000000000000000000e+00 0.000000000000000000e+00 0.000000000000000000e+00
3.505000000000000000e+02 -6.998368704503066002e-05 0.000000000000000000e+00 0.000000000000000000e+00 1.746056208062106217e-06 -4.940874705324516565e-06 0.000000000000000000e+00 0.000000000000000000e+00 0.000000000000000000e+00 0.000000000000000000e+00
4.005000000000000000e+02 -4.137480986326699806e-05 0.000000000000000000e+00 0.000000000000000000e+00 1.210347191444953246e-06 -6.414842156591269873e-07 0.000000000000000000e+00 0.000000000000000000e+00 0.000000000000000000e+00 0.000000000000000000e+00
4.505000000000000000e+02 -7.947807100988585154e-06 0.000000000000000000e+00 0.000000000000000000e+00 -7.252752907745280991e-07 -2.367383678214901855e-06 0.000000000000000000e+00 0.000000000000000000e+00 0.000000000000000000e+00 0.000000000000000000e+00
5.005000000000000000e+02 -3.769088989425595411e-05 0.000000000000000000e+00 0.000000000000000000e+00 -3.966814496092112861e-07 2.693858248178969492e-06 0.000000000000000000e+00 0.000000000000000000e+00 0.000000000000000000e+00 0.000000000000000000e+00
5.505000000000000000e+02 -1.940702556268559360e-05 0.000000000000000000e+00 0.000000000000000000e+00 1.328988658873591288e-06 -5.116174411093277663e-07 0.000000000000000000e+00 0.000000000000000000e+00 0.000000000000000000e+00 0.000000000000000000e+00
6.005000000000000000e+02 -1.611360731907401136e-05 0.000000000000000000e+00 0.000000000000000000e+00 -8.714266863303254432e-07 4.222078986755855349e-06 0.000000000000000000e+00 0.000000000000000000e+00 0.000000000000000000e+00 0.000000000000000000e+00
6.505000000000000000e+02 -3.128662617232767647e-06 0.000000000000000000e+00 0.000000000000000000e+00 -2.031884498571433696e-06 5.852515723732953751e-07 0.000000000000000000e+00 0.000000000000000000e+00 0.000000000000000000e+00 0.000000000000000000e+00
7.005000000000000000e+02 -1.687473756642649431e-05 0.000000000000000000e+00 0.000000000000000000e+00 8.451257459878384848e-07 1.154904640474809025e-06 0.000000000000000000e+00 0.000000000000000000e+00 0.000000000000000000e+00 0.000000000000000000e+00
7.505000000000000000e+02 6.503069063980075300e-06 0.000000000000000000e+00 0.000000000000000000e+00 1.891609233654672618e-07 4.104269300725363917e-07 0.000000000000000000e+00 0.000000000000000000e+00 0.000000000000000000e+00 0.000000000000000000e+00
8.005000000000000000e+02 -1.459179419775998995e-06 0.000000000000000000e+00 0.000000000000000000e+00 7.224309845831346581e-07 -3.859702446940588429e-07 0.000000000000000000e+00 0.000000000000000000e+00 0.000000000000000000e+00 0.000000000000000000e+00
8.505000000000000000e+02 1.614516958326444232e-06 0.000000000000000000e+00 0.000000000000000000e+00 7.660807587447948380e-07 1.349923286837250685e-07 0.000000000000000000e+00 0.000000000000000000e+00 0.000000000000000000e+00 0.000000000000000000e+00
9.005000000000000000e+02 -1.256123087489073062e-05 0.000000000000000000e+00 0.000000000000000000e+00 3.856135716202435881e-07 -3.978139032301871427e-07 0.000000000000000000e+00 0.000000000000000000e+00 0.000000000000000000e+00 0.000000000000000000e+00
9.505000000000000000e+02 2.433839950170376196e-06 0.000000000000000000e+00 0.000000000000000000e+00 4.760278956810083046e-08 -4.945961376364752320e-07 0.000000000000000000e+00 0.000000000000000000e+00 0.000000000000000000e+00 0.000000000000000000e+00
1.000500000000000000e+03 8.959825360395072523e-07 0.000000000000000000e+00 0.000000000000000000e+00 1.059023346794813926e-06 2.063735662574186657e-07 0.000000000000000000e+00 0.000000000000000000e+00 0.000000000000000000e+00 0.000000000000000000e+00
1.050500000000000000e+03 -8.856135811684216693e-07 0.000000000000000000e+00 0.000000000000000000e+00 -4.447445347152887581e-07 -7.206657849385015603e-08 0.000000000000000000e+00 0.000000000000000000e+00 0.000000000000000000e+00 0.000000000000000000e+00
1.100500000000000000e+03 1.133996126433248663e-06 0.000000000000000000e+00 0.000000000000000000e+00 9.013122574673239029e-07 4.616897019415060400e-08 0.000000000000000000e+00 0.000000000000000000e+00 0.000000000000000000e+00 0.000000000000000000e+00
1.150500000000000000e+03 -6.707819432362845772e-06 0.000000000000000000e+00 0.000000000000000000e+00 -1.238461475913887819e-07 1.922044077683398931e-07 0.000000000000000000e+00 0.000000000000000000e+00 0.000000000000000000e+00 0.000000000000000000e+00
1.200500000000000000e+03 -3.963575573601757466e-06 0.000000000000000000e+00 0.000000000000000000e+00 -6.181025307880809117e-08 -4.766562575733693696e-07 0.000000000000000000e+00 0.000000000000000000e+00 0.000000000000000000e+00 0.000000000000000000e+00
1.250500000000000000e+03 2.010899792896219383e-07 0.000000000000000000e+00 0.000000000000000000e+00 4.150541976811069539e-07 6.538438124106730135e-07 0.000000000000000000e+00 0.000000000000000000e+00 0.000000000000000000e+00 0.000000000000000000e+00
1.300500000000000000e+03 1.853046785814157981e-06 0.000000000000000000e+00 0.000000000000000000e+00 9.485006620211666874e-07 4.198980188243272809e-07 0.000000000000000000e+00 0.000000000000000000e+00 0.000000000000000000e+00 0.000000000000000000e+00
1.350500000000000000e+03 -7.300078260902401492e-07 0.000000000000000000e+00 0.000000000000000000e+00 -3.582359307916009572e-07 1.645825863966078441e-07 0.000000000000000000e+00 0.000000000000000000e+00 0.000000000000000000e+00 0.000000000000000000e+00
1.400500000000000000e+03 -4.243483359869254427e-06 0.000000000000000000e+00 0.000000000000000000e+00 -6.288605568304419934e-07 -5.656455963771664586e-08 0.000000000000000000e+00 0.000000000000000000e+00 0.000000000000000000e+00 0.000000000000000000e+00
1.450500000000000000e+03 -7.347256536253772589e-06 0.000000000000000000e+00 0.000000000000000000e+00 -1.239123706498156320e-06 1.726175165118301227e-07 0.000000000000000000e+00 0.000000000000000000e+00 0.000000000000000000e+00 0.000000000000000000e+00
1.500500000000000000e+03 -7.397065757595628549e-06 0.000000000000000000e+00 0.000000000000000000e+00 -7.059657424473178088e-07 2.382368661093981777e-07 0.000000000000000000e+00 0.000000000000000000e+00 0.000000000000000000e+00 0.000000000000000000e+00
1.550500000000000000e+03 -2.823627562465018319e-06 0.000000000000000000e+00 0.000000000000000000e+00 1.486668863256445169e-07 -3.276632871861693411e-07 0.000000000000000000e+00 0.000000000000000000e+00 0.000000000000000000e+00 0.000000000000000000e+00
1.600500000000000000e+03 1.221507632478090618e-06 0.000000000000000000e+00 0.000000000000000000e+00 4.285140011559210029e-07 9.109807502978586755e-08 0.000000000000000000e+00 0.000000000000000000e+00 0.000000000000000000e+00 0.000000000000000000e+00
1.650500000000000000e+03 5.566595159506736725e-07 0.000000000000000000e+00 0.000000000000000000e+00 -3.119618618369958416e-07 -2.172265243015921795e-07 0.000000000000000000e+00 0.000000000000000000e+00 0.000000000000000000e+00 0.000000000000000000e+00
1.700500000000000000e+03 -7.705376713054331310e-07 0.000000000000000000e+00 0.000000000000000000e+00 -5.840236407914558665e-07 -2.178451283206400513e-07 0.000000000000000000e+00 0.000000000000000000e+00 0.000000000000000000e+00 0.000000000000000000e+00
1.750500000000000000e+03 -2.323567753605803783e-06 0.000000000000000000e+00 0.000000000000000000e+00 1.394141798164307265e-07 -1.135401587777692470e-08 0.000000000000000000e+00 0.000000000000000000e+00 0.000000000000000000e+00 0.000000000000000000e+00
1.800500000000000000e+03 -8.318674764416881889e-07 0.000000000000000000e+00 0.000000000000000000e+00 1.191408193277369954e-08 -1.717282063670394339e-07 0.000000000000000000e+00 0.000000000000000000e+00 0.000000000000000000e+00 0.000000000000000000e+00
1.850500000000000000e+03 2.076454321748732808e-06 0.000000000000000000e+00 0.000000000000000000e+00 -2.109915307246653565e-07 -9.386921366572773865e-08 0.000000000000000000e+00 0.000000000000000000e+00 0.000000000000000000e+00 0.000000000000000000e+00
1.900500000000000000e+03 1.426553987715524395e-06 0.000000000000000000e+00 0.000000000000000000e+00 2.560321870838547159e-07 2.054997334377296780e-07 0.000000000000000000e+00 0.000000000000000000e+00 0.000000000000000000e+00 0.000000000000000000e+00
1.950500000000000000e+03 2.442071858440358102e-06 0.000000000000000000e+00 0.000000000000000000e+00 -4.866413713604112012e-08 1.613787840212025873e-08 0.000000000000000000e+00 0.000000000000000000e+00 0.000000000000000000e+00 0.000000000000000000e+00
2.000500000000000000e+03 -7.163193638451169224e-07 0.000000000000000000e+00 0.000000000000000000e+00 -5.238406154744783351e-08 -2.189466278617594144e-07 0.000000000000000000e+00 0.000000000000000000e+00 0.000000000000000000e+00 0.000000000000000000e+00
2.075500000000000000e+03 -1.312733126852507996e-06 0.000000000000000000e+00 0.000000000000000000e+00 -7.517081548824765377e-08 -1.177453859346123888e-07 0.000000000000000000e+00 0.000000000000000000e+00 0.000000000000000000e+00 0.000000000000000000e+00
2.175500000000000000e+03 5.971724872204652211e-07 0.000000000000000000e+00 0.000000000000000000e+00 -4.790851643219723814e-08 -1.597336663888387055e-07 0.000000000000000000e+00 0.000000000000000000e+00 0.000000000000000000e+00 0.000000000000000000e+00
2.275500000000000000e+03 -3.910508900719661925e-07 0.000000000000000000e+00 0.000000000000000000e+00 3.646201740266661915e-09 -3.756257110305964598e-08 0.000000000000000000e+00 0.000000000000000000e+00 0.000000000000000000e+00 0.000000000000000000e+00
2.375500000000000000e+03 -1.165581491732973391e-06 0.000000000000000000e+00 0.000000000000000000e+00 1.263167398287858574e-07 1.355229120510993143e-07 0.000000000000000000e+00 0.000000000000000000e+00 0.000000000000000000e+00 0.000000000000000000e+00
2.475500000000000000e+03 6.034700808242612231e-07 0.000000000000000000e+00 0.000000000000000000e+00 1.209301786364620079e-07 -6.111991998376707183e-08 0.000000000000000000e+00 0.000000000000000000e+00 0.000000000000000000e+00 0.000000000000000000e+00
2.625500000000000000e+03 1.561960172329817458e-07 0.000000000000000000e+00 0.000000000000000000e+00 1.301989443987674568e-08 -9.218611738441979189e-08 0.000000000000000000e+00 0.000000000000000000e+00 0.000000000000000000e+00 0.000000000000000000e+00
2.825500000000000000e+03 -7.098153738469831147e-07 0.000000000000000000e+00 0.000000000000000000e+00 2.835462079984602299e-07 -3.127767271941730101e-08 0.000000000000000000e+00 0.000000000000000000e+00 0.000000000000000000e+00 0.000000000000000000e+00
3.025500000000000000e+03 1.946622899030179762e-07 0.000000000000000000e+00 0.000000000000000000e+00 -2.186618002178176974e-08 3.716994744228794892e-08 0.000000000000000000e+00 0.000000000000000000e+00 0.000000000000000000e+00 0.000000000000000000e+00
3.325500000000000000e+03 -3.571965615024539766e-07 0.000000000000000000e+00 0.000000000000000000e+00 4.346262066111633714e-08 -6.015846042239905468e-08 0.000000000000000000e+00 0.000000000000000000e+00 0.000000000000000000e+00 0.000000000000000000e+00
3.725500000000000000e+03 -1.402406717824585858e-07 0.000000000000000000e+00 0.000000000000000000e+00 -4.165718043032792037e-08 5.678458799258876243e-08 0.000000000000000000e+00 0.000000000000000000e+00 0.000000000000000000e+00 0.000000000000000000e+00
4.125500000000000000e+03 -1.091049312257830620e-07 0.000000000000000000e+00 0.000000000000000000e+00 3.363553971226751009e-08 -4.797929789027415894e-08 0.000000000000000000e+00 0.000000000000000000e+00 0.000000000000000000e+00 0.000000000000000000e+00
4.525500000000000000e+03 -1.173700974099194037e-07 0.000000000000000000e+00 0.000000000000000000e+00 2.267997003796978608e-08 4.092013505889096340e-09 0.000000000000000000e+00 0.000000000000000000e+00 0.000000000000000000e+00 0.000000000000000000e+00
4.925500000000000000e+03 -7.955920907563875347e-08 0.000000000000000000e+00 0.000000000000000000e+00 -4.421357444809024070e-08 -1.043762968726457010e-08 0.000000000000000000e+00 0.000000000000000000e+00 0.000000000000000000e+00 0.000000000000000000e+00
5.325500000000000000e+03 -4.616389661067042388e-08 0.000000000000000000e+00 0.000000000000000000e+00 -1.409495134052860996e-08 -1.075586050348577288e-08 0.000000000000000000e+00 0.000000000000000000e+00 0.000000000000000000e+00 0.000000000000000000e+00
5.725500000000000000e+03 1.988918892157010423e-07 0.000000000000000000e+00 0.000000000000000000e+00 3.312037040100076982e-08 1.839669452062369662e-09 0.000000000000000000e+00 0.000000000000000000e+00 0.000000000000000000e+00 0.000000000000000000e+00
6.125500000000000000e+03 5.764406489968300194e-09 0.000000000000000000e+00 0.000000000000000000e+00 -1.653898875041111765e-08 -9.049012539446021122e-09 0.000000000000000000e+00 0.000000000000000000e+00 0.000000000000000000e+00 0.000000000000000000e+00
6.725500000000000000e+03 -1.420166841592607781e-08 0.000000000000000000e+00 0.000000000000000000e+00 -2.879560113531149874e-08 1.659519187932194780e-08 0.000000000000000000e+00 0.000000000000000000e+00 0.000000000000000000e+00 0.000000000000000000e+00
7.525500000000000000e+03 -2.487549174016653295e-08 0.000000000000000000e+00 0.000000000000000000e+00 -7.943603395151096199e-09 9.495085062375384427e-09 0.000000000000000000e+00 0.000000000000000000e+00 0.000000000000000000e+00 0.000000000000000000e+00
