# l Dl_TT Dl_TE Dl_TB Dl_ET Dl_BT Dl_EE Dl_EB Dl_BE Dl_BB
6.350000000000000000e+01 1.119080111462314149e-03 2.802585404966169988e-04 -1.282654268960815196e-04 2.740635737742370070e-04 -1.201150204165394962e-04 4.855679761225664649e-04 1.696091678913452780e-05 1.776485214540922649e-05 2.903331880011751067e-04
1.505000000000000000e+02 4.292969950615518372e-04 3.418550530861848747e-05 -3.032803067244736498e-05 3.536639264095245921e-05 -2.937330924838958956e-05 1.247698443418829479e-04 -2.003293841812913452e-07 -5.757062034522514332e-07 8.419288065674497990e-05
2.005000000000000000e+02 3.332706603978522744e-04 9.840208909705421169e-06 -6.577286536621672186e-06 1.113617961856668681e-05 -7.397933083481214430e-06 9.477839416440710693e-05 -6.979069406516796825e-06 -7.666982717241360679e-06 5.181170260549850329e-05
2.505000000000000000e+02 2.746293356111070773e-04 3.558725636280771502e-05 -5.283445527484436538e-06 3.395348018751052758e-05 -5.614984138664315532e-06 7.505208785923473845e-05 -5.073959101865644606e-06 -4.665802736922189382e-06 4.036680208785743532e-05
3.005000000000000000e+02 2.316405196490504048e-04 1.615923089493740189e-05 3.349179995269258318e-05 1.578897733761157579e-05 3.070522978593311130e-05 6.997661470409840927e-05 -1.247361416015158418e-06 -1.196003164168314028e-06 3.197071594800232023e-05
3.505000000000000000e+02 1.985778385385137919e-04 3.974405701043399263e-06 1.829773461717952763e-05 4.438326107016934173e-06 1.740652099151785364e-05 4.675745908917811083e-05 -2.589350395005495430e-06 -2.609412542432264975e-06 2.604031590223797034e-05
4.005000000000000000e+02 1.495517760789069411e-04 1.633253577168107819e-05 3.531621496772421880e-06 1.617720643636639166e-05 3.350111777912047980e-06 3.868731876775960193e-05 6.768251016561386584e-06 6.927599742535773411e-06 3.047520247123761328e-05
4.505000000000000000e+02 1.810923530870043165e-04 1.051198886928561111e-06 3.415994153955932011e-06 1.694625836317315864e-06 3.399807024319826200e-06 4.329520372639327006e-05 -3.157829599316103354e-06 -3.017437445913287330e-06 1.745281103357382470e-05
5.005000000000000000e+02 1.508779281147450233e-04 1.555403988615276464e-05 1.233039192213971073e-06 1.594240132323844640e-05 9.661628340833662803e-07 2.994658397887927254e-05 4.162526751903529738e-06 4.103305124125431724e-06 1.984669759845698617e-05
5.505000000000000000e+02 1.496253691589792556e-04 1.351434147904566582e-05 2.591961104201559919e-07 1.346118022171972485e-05 -8.650339357814236458e-08 3.604138038830329688e-05 -2.902342238130022363e-06 -2.902870606291513669e-06 1.431786800840573953e-05
6.005000000000000000e+02 1.449507781257150930e-04 6.635864732465321610e-07 5.302535215069360987e-06 1.072529813294637386e-06 4.968351359868924510e-06 3.194102302841678398e-05 -1.175837400131048667e-06 -1.224208243898160710e-06 1.827837862701171855e-05
6.505000000000000000e+02 1.436762296668992389e-04 5.496750917124141335e-06 -1.859126112488462914e-06 5.450102521932481484e-06 -1.241624013883338972e-06 3.100599117287534148e-05 2.749861662717145423e-08 5.320110560166614191e-08 1.916470246598052409e-05
7.005000000000000000e+02 1.492218257946891944e-04 7.802006108741200982e-06 4.772937434882029515e-06 7.293314280496598727e-06 4.420192811778030166e-06 3.257992834939445626e-05 -1.092533915147957615e-06 -1.305732188772926381e-06 2.155409983040293404e-05
7.505000000000000000e+02 1.376970137748287641e-04 6.256478884464037047e-06 -2.380163350739995010e-06 6.319628949033191307e-06 -2.230883150272370823e-06 3.294205938203690980e-05 2.862767553183623371e-07 3.655832462395633020e-07 2.140133431240825922e-05
8.005000000000000000e+02 1.321492813077840040e-04 4.676389325328250626e-06 -4.150570189255845540e-07 4.889674323169343156e-06 -2.945746122195598051e-07 2.953170180458418917e-05 -7.115963942245084531e-07 -7.499861876971517310e-07 1.775046715996345817e-05
8.505000000000000000e+02 1.251510114206791488e-04 5.365888334413356293e-06 -1.997459554204135699e-07 5.386869829293118898e-06 -2.195436953936351654e-07 2.766651320533065507e-05 -6.402720328979308273e-08 -1.850333816677132986e-08 1.781822716262192207e-05
9.005000000000000000e+02 1.216219273010540517e-04 3.995719518939340474e-06 -7.936793660166724939e-07 4.131908635741591186e-06 -7.970770125912827854e-07 2.575784554992395969e-05 -7.916675252331294236e-07 -7.117243007982047312e-07 1.771944904301204761e-05
9.505000000000000000e+02 1.165720151420879226e-04 5.565577049006017098e-06 -3.080664102671835521e-07 5.401507281682723295e-06 -2.035715139857768365e-07 2.523838262848188523e-05 -3.078903730635298692e-07 -2.934405150379842143e-07 1.630689457971432451e-05
1.000500000000000000e+03 1.152995433401133750e-04 6.082126413604752473e-06 1.476330861702661461e-07 6.023211932754004028e-06 1.169010831199413533e-07 2.393323698694317113e-05 9.540604085274339223e-08 6.058642577153936616e-08 1.589576547665987174e-05
1.050500000000000000e+03 1.084075274039696796e-04 6.465100675089244406e-06 1.053246393798399257e-06 6.370166622888733921e-06 9.563195033429161801e-07 2.349424055428260135e-05 -3.774050297973703563e-07 -3.523305112385271049e-07 1.427901419147901949e-05
1.100500000000000000e+03 1.051947633096580710e-04 4.730113806594281847e-06 3.060988379617028759e-07 4.675943167721249383e-06 1.723100774437774757e-07 2.256579910561079931e-05 -2.634876569348444025e-08 -2.494104815215719713e-08 1.386353543304939516e-05
1.150500000000000000e+03 9.732626040815536253e-05 4.508060945313670041e-06 -8.050283596971187888e-07 4.433907741719491849e-06 -6.262202108750386880e-07 1.977039986330049985e-05 -4.451075392366315840e-07 -4.344085861512649861e-07 1.376702607063591886e-05
1.200500000000000000e+03 9.767355951352289995e-05 4.667469421520588702e-06 7.958389988631699601e-07 4.607669538206824466e-06 8.224991092451455330e-07 2.013545830848170395e-05 3.447386037720796006e-07 3.029361786441944347e-07 1.286151548076310199e-05
1.250500000000000000e+03 9.620069677160962801e-05 2.643173855444536951e-06 -7.091828094349104700e-07 2.734435868446624921e-06 -6.442575976594041826e-07 1.986522068919804982e-05 2.364328995112830245e-07 2.659991543127973308e-07 1.280442773063492930e-05
1.300500000000000000e+03 9.429928645056160740e-05 3.606736802050486984e-06 -1.148671003921943549e-06 3.669277284370073286e-06 -1.114596891295263761e-06 1.895943613304729218e-05 -1.778895185206388979e-07 -1.627433587100996076e-07 1.180044025569406022e-05
1.350500000000000000e+03 9.298951289854114359e-05 3.575357542464282514e-06 5.087103717736557830e-07 3.567826559788384655e-06 4.885662853046866023e-07 1.887197845673546398e-05 4.690089635435026471e-07 4.254378788804923453e-07 1.246113334449686852e-05
1.400500000000000000e+03 8.906413990173502613e-05 2.673266223799086931e-06 5.043965746769148005e-07 2.747813429257955927e-06 5.203719267976520304e-07 1.769316087182440817e-05 -2.362478565492765598e-07 -2.258441755897499123e-07 1.159907742609012653e-05
1.450500000000000000e+03 8.733941996328766833e-05 3.027277081875638930e-06 -1.164692768416729693e-06 3.026101232354797056e-06 -1.124353442512633735e-06 1.727832050690747539e-05 4.838925434626716177e-07 5.340494366620357237e-07 1.150593907007162329e-05
1.500500000000000000e+03 8.807297126402880523e-05 2.173498623822578056e-06 1.905126215245104172e-07 2.295822165528261778e-06 2.082637948286324387e-07 1.750971071931221366e-05 2.313467226990615698e-07 2.444285978402520963e-07 1.143215274459390996e-05
1.550500000000000000e+03 8.213101083131662790e-05 2.859115525082908605e-06 -5.226443243077278526e-07 2.804427144973887132e-06 -4.530771734173778605e-07 1.651317942961255851e-05 -7.801024476353173796e-09 1.518271046915788569e-08 1.101451208206000355e-05
1.600500000000000000e+03 8.438452690280708122e-05 2.811168101481706458e-06 -1.289054742029114814e-07 2.875230199289672542e-06 -9.000796918046991284e-08 1.633435451638437128e-05 -7.658969964001794234e-08 -5.440818291283547435e-08 1.059717992312444615e-05
1.650500000000000000e+03 8.057885413749062121e-05 2.567937896809464331e-06 7.847620401388214829e-08 2.518481695302921314e-06 3.355199988452795713e-08 1.532230233481519639e-05 -5.142690680565717880e-08 -2.037277006296829793e-09 1.052882835438936753e-05
1.700500000000000000e+03 7.957208318706725030e-05 2.061261416546757092e-06 3.462722045884685077e-07 2.152657155134969893e-06 3.529046646878662132e-07 1.507980252194043290e-05 1.601902587679752760e-07 1.828536208624262908e-07 1.027958958782522633e-05
1.750500000000000000e+03 7.853082314126631173e-05 2.414165077037535372e-06 3.170606097174745931e-07 2.469580258194679722e-06 2.906472578727640358e-07 1.532923904660632661e-05 -6.863031608307812430e-08 -8.156693556219042561e-08 1.000770241399556196e-05
1.800500000000000000e+03 7.622419601646830949e-05 2.815077222293707947e-06 5.106486741709808969e-07 2.803264389378537975e-06 4.757974264864444494e-07 1.444667266373476184e-05 1.386061168286711203e-08 3.077730327945308238e-08 1.001296586242868733e-05
1.850500000000000000e+03 7.431725697922916970e-05 2.032301262968344297e-06 2.430347924461682972e-07 2.063337332963118080e-06 2.669723728480327533e-07 1.387592134442359432e-05 -1.111790856344568701e-07 -1.102172149431525609e-07 9.477825722011601857e-06
1.900500000000000000e+03 7.284781794180712885e-05 2.479093231942613648e-06 -1.826414656220786188e-07 2.419706752451092296e-06 -1.185115914927471711e-07 1.348276139488981175e-05 -3.820978012531678950e-08 2.201876541161872099e-09 9.256164960595297662e-06
1.950500000000000000e+03 7.368159101875445952e-05 2.771567884780522050e-06 2.617010660947854979e-07 2.682158229004784795e-06 2.298070361340332091e-07 1.358783437051464590e-05 -1.974772372075180178e-07 -2.070950242782523054e-07 8.980594092753316584e-06
2.000500000000000000e+03 7.234629083920666927e-05 2.075329575167474596e-06 -5.445693721505960096e-07 2.067290006003091299e-06 -5.707266874955914885e-07 1.292531627728191735e-05 -3.567964369993626717e-08 -4.224954120798315695e-08 9.022467977890322047e-06
2.075500000000000000e+03 7.121028359490213697e-05 2.392750526066924163e-06 -1.161244824508517782e-07 2.400079604410318669e-06 -9.925776322943581611e-08 1.273531832247354651e-05 2.216039792049837536e-07 2.294369939046902875e-07 8.802278365930276554e-06
2.175500000000000000e+03 6.810174255551381273e-05 2.120604503977729284e-06 1.065157089695242332e-07 2.116508238625492332e-06 1.286510209999965342e-07 1.223436185769411654e-05 -1.178527986511610632e-07 -1.254717615041573521e-07 8.233658518843400151e-06
2.275500000000000000e+03 6.615696042888589772e-05 2.184698761653038342e-06 1.101141621084282984e-07 2.189861035558849672e-06 1.079906936059551567e-07 1.174788679649039625e-05 1.148462584060441602e-07 1.164816440743320010e-07 8.112992955580437839e-06
2.375500000000000000e+03 6.380400581237215035e-05 2.159886481942177451e-06 -2.737367767290611822e-07 2.139799537830135644e-06 -2.586164889984834320e-07 1.127611658785508786e-05 3.504890911118590471e-08 3.124053546505172247e-08 7.749048990163820292e-06
2.475500000000000000e+03 6.322885891285255600e-05 2.455878420712680530e-06 -6.583376576291782456e-08 2.403207780979142113e-06 -5.056096806782744866e-08 1.101697851189415107e-05 -4.716022216922613477e-09 -3.314906693030001484e-09 7.537823093239379007e-06
2.625500000000000000e+03 6.074223116861367927e-05 1.699324761049485899e-06 4.987749003131560206e-07 1.698268818924557505e-06 4.902974681363957202e-07 1.043169935095137044e-05 -5.898505879086771493e-09 -3.918250185905424129e-09 7.248422591194739889e-06
2.825500000000000000e+03 5.762911949518905298e-05 1.626675147340334215e-06 -4.418880119028477925e-08 1.618805572364222003e-06 -3.964186120473856764e-08 9.711210629212766837e-06 4.443568778035540483e-08 4.211216492403785681e-08 6.722000947219890938e-06
3.025500000000000000e+03 5.478126484736089638e-05 1.726590220442172806e-06 1.610258941487942955e-07 1.720585138603202836e-06 1.427064978341554363e-07 9.289105348175663677e-06 -1.815924632668466932e-08 -1.224470689683407606e-08 6.402878376570919314e-06
3.325500000000000000e+03 5.172720729841043323e-05 1.616196920241491983e-06 -1.978442251334223239e-08 1.613786266404828870e-06 -2.387587063538517853e-08 8.488626083150127474e-06 4.338850235447898611e-08 4.391050184606305318e-08 5.920320272975065939e-06
3.725500000000000000e+03 4.830506415491733286e-05 1.302808933034883727e-06 -1.312417934086527147e-08 1.295987738498732311e-06 -1.247054933008840682e-08 7.743728851700180111e-06 3.523568838516501725e-08 3.216777196900126828e-08 5.448930361247147229e-06
4.125500000000000000e+03 4.503596435252326974e-05 1.196698383803939378e-06 5.787907170018092394e-08 1.198842291195540156e-06 6.622476252066312835e-08 7.021179693361449004e-06 1.505199721319013030e-09 2.787515109568659472e-09 4.982366026332879861e-06
4.525500000000000000e+03 4.245105456515718586e-05 9.866995917730517262e-07 -6.326126271713273940e-08 9.940222518065990513e-07 -6.320512202025473659e-08 6.464009902619164136e-06 -2.428194920507507632e-09 -2.492870173375322512e-09 4.609749049584173675e-06
4.925500000000000000e+03 4.043176826944270571e-05 9.109474013678501398e-07 -1.845304366059017307e-08 9.176959662218329491e-07 -1.498169861822504342e-08 6.076491677016388771e-06 1.999962327392573957e-08 2.155846045030802113e-08 4.337510313787148576e-06
5.325500000000000000e+03 3.849611505251140773e-05 9.270710685743306490e-07 9.875338019321932559e-09 9.244419291670930721e-07 6.959568531599872413e-09 5.691344353729122039e-06 1.602501805577988766e-08 1.660219190080682733e-08 4.109291955749824399e-06
5.725500000000000000e+03 3.667037826304885353e-05 8.506577117077115686e-07 -4.586127449630529456e-08 8.491935344739001151e-07 -4.472360880343910434e-08 5.331675049173830366e-06 -2.301835856504267056e-09 -1.661074063830786560e-09 3.839393123834873548e-06
6.125500000000000000e+03 3.511557064918605190e-05 7.913335983494462562e-07 5.150348493939373426e-09 7.882452284828082324e-07 8.803031399238076887e-09 5.028020619532794222e-06 3.390059018702539451e-09 2.309876316409331833e-09 3.645570083618755751e-06
6.725500000000000000e+03 3.309072558175694609e-05 7.096147874683062128e-07 9.162352542309162824e-09 7.093329418065376660e-07 1.105248273483533042e-08 4.664461158153171408e-06 -1.041002124743799126e-08 -1.094953318081938612e-08 3.387783017382938200e-06
7.525500000000000000e+03 3.086389847081960684e-05 6.615622042847631103e-07 6.570244584964865403e-09 6.617906866968961976e-07 8.841234630202860492e-09 4.239366627613201644e-06 -5.004469065916522797e-10 -4.308031191454983931e-11 3.121173940012132676e-06
