# l Dl_TT Dl_TE Dl_TB Dl_ET Dl_BT Dl_EE Dl_EB Dl_BE Dl_BB
6.350000000000000000e+01 1.575010642353949150e-02 4.304304000598688424e-04 -1.578576348940788961e-03 4.782915010060516219e-03 -8.368058890760091389e-04 1.676479565511937442e-03 1.244680903968573731e-04 -2.389532384768348785e-04 1.753733201898364288e-03
1.505000000000000000e+02 7.560533012444233068e-04 2.101468405576119075e-04 1.681589919698679399e-04 2.572826199136033138e-04 -5.300915085646956226e-05 1.539973355932127070e-04 5.805899733387767994e-05 -4.929093022266113112e-05 1.070433415149945591e-04
2.005000000000000000e+02 -6.697864868531983951e-04 -1.000620774828899824e-04 4.589400547351834474e-05 -9.406773591503754615e-04 -2.231221833993345875e-04 -7.749952395225888314e-05 -4.010329153541523304e-05 1.138455433718068576e-06 3.006065205089572670e-06
2.505000000000000000e+02 1.197558772624038358e-03 3.483018852440075854e-05 -1.244361304628219006e-04 -4.028366044386206862e-04 2.622231386090009722e-04 -3.513541382460562694e-05 -5.008184965393005497e-05 4.492812651448024864e-05 -4.221777720336404677e-06
3.005000000000000000e+02 -1.988906286765792022e-03 -1.138764979418395136e-04 1.716613228982772439e-04 -6.827874986713469393e-05 -2.461452411823920059e-04 -4.755127712788244956e-05 -7.950558788317832763e-05 7.292738159861780495e-05 -5.326392324198225581e-05
3.505000000000000000e+02 -1.140339215768917686e-03 -5.257877576895023526e-05 1.025615293831971969e-05 -1.360929850685854963e-04 -4.234204523025648627e-05 -1.567550493804662545e-04 4.206533770731915008e-06 5.143078071891510848e-05 -1.327762395862674689e-04
4.005000000000000000e+02 -2.765904642972058861e-03 -1.179017505039558925e-04 -5.360950281448456894e-05 -4.357423264008861131e-04 3.865234527730226189e-05 -1.898857099568074702e-04 -3.534796859222350213e-05 3.626776432958869208e-05 -2.584805880434988556e-05
4.505000000000000000e+02 -1.250871849140950667e-03 -1.860747327332997023e-04 -6.374735372796060324e-05 -4.181413661085910550e-04 -6.266100085310454372e-04 -7.426467252309890230e-05 -9.360442675006107717e-05 1.800269349236731343e-05 -9.065421033811106740e-05
5.005000000000000000e+02 -1.177924083219609921e-03 8.799762269450537926e-05 6.378399488726708825e-05 -1.028111430115480134e-04 -1.782305108307209100e-04 -4.452090147846261186e-05 -4.031411203506262423e-05 5.924841716648720564e-05 -7.902113201101389716e-05
5.505000000000000000e+02 -1.045648334832526439e-03 -2.740277819787905421e-05 7.062082326097877362e-06 -3.218484225221949786e-04 -4.170481199009822048e-04 -5.493385523399151970e-05 -7.900419429717811989e-06 1.009738678980100044e-05 -7.714921416801169714e-05
6.005000000000000000e+02 -7.167990372999213499e-04 4.402862227659525544e-05 7.594377314254523908e-05 -6.377629356786223343e-05 3.316757808005230037e-04 -1.824532533531621830e-05 -3.682385735546152403e-05 5.767895611304854164e-05 -2.910860749631123077e-05
6.505000000000000000e+02 -4.125599178124497984e-04 -3.351523355004314245e-05 -3.033841614588936802e-05 1.762224446035443029e-05 2.810855657992290119e-04 -5.174656476016496672e-05 -2.301575256050573267e-05 8.466741204428938905e-06 -1.952664856901762321e-05
7.005000000000000000e+02 -3.287260314425374265e-04 4.765024827387987497e-05 1.320496162220346039e-05 -4.504965345594394563e-05 -4.205037577125218042e-05 -1.252570812776661197e-05 -3.107808485630458959e-05 -9.303310581688407380e-08 -1.380062109945600192e-05
7.505000000000000000e+02 1.623832413605759417e-04 -2.401920269553950289e-05 -2.226721086216631898e-05 -1.244267920414248180e-05 1.273019539714479451e-04 -1.632909656725614319e-06 -5.147874337697919422e-06 2.735905208223627302e-05 1.358831467651832177e-05
8.005000000000000000e+02 -4.943493857766364315e-05 3.555061700070845626e-05 2.889219095920814314e-05 -7.151778672863720133e-07 -4.842080172151015736e-05 1.707020641345424844e-06 -2.201162768606860473e-05 -1.126163006595909879e-06 1.928568937579771102e-06
8.505000000000000000e+02 -4.596659808523253024e-05 1.633796457689117896e-05 6.981015929340453275e-06 3.855043348041807994e-05 -3.533272125463608016e-05 -1.236348856000001386e-05 -5.748478134489130804e-06 4.905328361187718736e-06 -7.225707752668780237e-06
9.005000000000000000e+02 1.649311220891815349e-04 -8.904738181325759516e-06 -1.049852946205132838e-05 -4.659492664483122195e-05 4.488075225638174276e-05 -1.030939238337119433e-05 2.753174182843676479e-06 1.286083190405441496e-06 -2.578354420680866254e-06
9.505000000000000000e+02 2.536268788108226300e-04 1.336567106984329645e-05 3.520029400375904218e-07 1.788313418513684638e-05 4.658361246873058260e-05 2.777254741553462031e-06 8.739799490340181619e-08 2.651004380144284348e-06 -6.300368112454841667e-06
1.000500000000000000e+03 -1.398191071896346749e-04 -9.040590872459550338e-06 1.560930157144505491e-06 -7.763855816189610154e-05 9.504381977237816526e-06 -6.226603063209719870e-06 -5.085913778533168791e-06 9.227809605226924348e-06 -7.633791189947958391e-06
1.050500000000000000e+03 -2.436286830243232092e-04 -2.981587884954485404e-05 1.170840445062506568e-05 -9.150689493352584633e-05 8.580550995926880563e-05 -1.004205615874854795e-05 -1.637494858970712014e-06 8.357414807772125428e-06 -1.064483630322356524e-05
1.100500000000000000e+03 -1.183766990345171534e-04 -2.488653659174476721e-05 1.283361931225638248e-05 8.946877868383879505e-05 1.277808554438236060e-04 -2.518927735440794523e-07 -3.205354597917959878e-06 -3.246539629757689431e-07 -5.984556096903537067e-06
1.150500000000000000e+03 -3.062545631628835132e-04 -7.162869501437132389e-06 2.507666450646357496e-06 -6.543308612279366543e-05 -2.176482521739278174e-05 -1.761338530362233665e-05 2.205934288522803767e-06 3.134113470118484807e-06 -1.025905896650784514e-06
1.200500000000000000e+03 -1.054296391373508150e-04 -2.717551892379237754e-05 1.667568576856968927e-05 1.810704918938344340e-05 4.847919433358089227e-05 -9.868227723703957755e-06 1.701052931908809753e-06 -3.509774816251020293e-06 -1.404304693445047653e-06
1.250500000000000000e+03 -9.094869856064555127e-05 3.156603390283084126e-06 1.856123575954437459e-05 -1.021529122451652893e-05 -3.327896854008530723e-05 -1.621930252726364349e-06 2.162871776504066105e-06 6.037790259166375432e-06 -7.885603231697739060e-07
1.300500000000000000e+03 1.117592376187101478e-04 -1.085988484316699610e-05 -2.098723235125291020e-06 -5.416581199813682077e-05 -1.547287135866338878e-05 3.239771346099939635e-06 -9.691710533769284940e-08 1.697419908166053026e-06 1.466933503381272580e-06
1.350500000000000000e+03 -1.030586664048455467e-04 -6.883413840571949939e-06 1.497234058050768616e-05 -5.666116477597209264e-06 -2.474198462142791812e-05 -5.098077508667192276e-06 -1.115983988035248355e-06 -2.837207464367121965e-07 -2.333781046081056460e-06
1.400500000000000000e+03 -6.242502311391506472e-05 1.827486630544276805e-05 -1.783970904548418155e-06 4.936722424766931287e-05 -9.283495918082531446e-06 -5.307133194277630615e-06 5.097885939353330327e-06 -2.666955521273783447e-06 -7.336913689273154579e-07
1.450500000000000000e+03 -5.525022263224093846e-05 6.266295495548084850e-07 1.051519216597121220e-05 1.466261427369998678e-05 -3.168429526644682133e-05 4.330636295501533859e-06 -1.406012210157036095e-06 -3.461916727004556778e-07 -9.344444328134511081e-06
1.500500000000000000e+03 -3.680067810936380656e-05 1.776758401907563463e-05 1.405105855674345017e-05 -2.085537190045051858e-05 2.481870552941002928e-05 3.820233567292826674e-06 6.795134697774713842e-07 5.133667647899006603e-06 1.536841179362841841e-06
1.550500000000000000e+03 1.044439371074997830e-04 4.808882017632978526e-06 -3.976431585848582453e-06 1.612930977963207536e-05 -1.563383629776590581e-05 1.807217397702673479e-06 -9.040771124499410392e-06 -9.415686661666233036e-07 1.215128614776117957e-08
1.600500000000000000e+03 -2.011701893020341719e-05 3.707048526492928592e-06 9.965271498865043261e-06 2.392318210073101209e-06 8.399060253238235958e-06 1.696201029466778558e-07 9.708519259061065963e-07 -1.489498686574051793e-06 2.529892776073094459e-06
1.650500000000000000e+03 1.575307299686015675e-05 -6.190679243952221798e-06 4.552554648102740926e-06 -1.157625077015794576e-06 1.755527873637232204e-05 -3.397696241713127110e-06 -4.518255783691817353e-06 -2.556147714196207183e-06 3.765188788785217706e-06
1.700500000000000000e+03 -4.760234187506600620e-05 -1.853510436823130306e-05 1.226980932913667268e-06 2.385438223364564670e-05 1.904057965919521344e-05 -2.700266359010565730e-06 3.160515084627139530e-06 4.022781739429098191e-06 -2.594340445974158989e-06
1.750500000000000000e+03 5.124216488277349936e-05 2.740675014560436034e-06 -4.410003342438116962e-07 3.246210519853102023e-05 4.338311243339959059e-06 3.406585969527911222e-07 -4.566112045497217409e-06 -4.953988929225046799e-06 -9.507155851151762096e-07
1.800500000000000000e+03 4.914312322228486080e-05 7.464198711029352998e-07 -4.925206733820138430e-06 2.576251626728086349e-05 3.717704456627980131e-06 -7.109835314104503834e-07 9.795700182381977236e-07 4.004783778203784684e-06 -1.808525262695690051e-06
1.850500000000000000e+03 -2.004160741651245356e-05 6.105855328961156246e-06 -2.280609491058623195e-06 6.160471439959496879e-06 -6.784604738850492494e-06 3.801893322571713880e-06 -8.986027310044610248e-07 -1.212814830758861122e-06 -1.636939970261943552e-06
1.900500000000000000e+03 -2.111594438432875105e-05 -6.420762472862910399e-06 1.141450653150459343e-06 -2.554666148909154233e-05 1.931226457121907667e-05 -4.705493489383471808e-06 1.132975148621813080e-06 2.381363705437325788e-06 3.049911089045938942e-06
1.950500000000000000e+03 6.203420428531301336e-05 2.842104626351144620e-06 5.251073274400435502e-06 -5.927229722358187213e-08 -1.494672301340817324e-06 2.733474543648824108e-06 -1.263285642512480396e-06 -1.524406779432589777e-06 4.037214643679284781e-06
2.000500000000000000e+03 1.065810311566392547e-04 1.366204092975058845e-05 -3.574782264000215669e-06 -5.464207639956846953e-06 -2.526548359878067022e-06 -2.941147842260043988e-06 8.809119188082974298e-07 3.160835372015226125e-06 1.581952406766155906e-06
2.075500000000000000e+03 1.953241776035697993e-05 -6.712258733345011134e-06 2.355557864681464673e-06 -8.584995040829166243e-06 6.048732393620583432e-08 -3.822131719685952456e-06 -1.804556773669380334e-06 1.148877436081558094e-07 -2.231893296218042375e-06
2.175500000000000000e+03 3.501795598297445695e-05 1.255438317296808187e-07 -1.500921675468005196e-07 -6.088851115690530130e-06 -7.325869394420779887e-06 6.880985404805031813e-07 1.222858960462219492e-06 -3.844391973847681337e-06 -1.404261030967020385e-07
2.275500000000000000e+03 5.678252544080457425e-05 1.362750968524409017e-06 -4.122984976275120413e-06 -1.029438829222269544e-07 -1.545799903018935944e-05 6.271465212326982482e-07 -1.242164689383740511e-06 -8.242965225177403914e-07 -1.712582960163731724e-08
2.375500000000000000e+03 4.778524654081267830e-05 2.208025687802501438e-06 4.329161442334036427e-06 7.677968265745776494e-06 -1.461427625063101416e-05 -1.319074335725068641e-06 1.032625010753236920e-06 -3.299658504368360303e-07 -1.229897302551063570e-06
2.475500000000000000e+03 8.227564494626504830e-05 -1.359268309037264343e-06 4.380197385896755632e-06 -2.060157445019009420e-06 9.076831880189508892e-06 2.973147517123811504e-06 1.412436095507482389e-08 1.845982962130551085e-06 1.372720400881391669e-06
2.625500000000000000e+03 3.506384394570871764e-06 -1.236920190945998307e-06 2.447299355248046551e-06 -2.611775359761122423e-06 -3.681326420359579813e-06 4.633491621383583395e-07 -2.805711849131118244e-07 -3.717183794488490772e-08 5.720942703143507226e-07
2.825500000000000000e+03 -2.411552277766865343e-05 -4.721311759252445462e-06 -1.480943580081325527e-07 1.674213088873947289e-05 4.351182009012982697e-06 4.722963165558376752e-07 -7.799764721822034976e-07 -1.041572613536520361e-07 -1.427132229612506234e-06
3.025500000000000000e+03 3.313409139459039384e-05 -6.508393199632540083e-07 2.742551745140630744e-06 9.570345547078953878e-07 -9.087842998683120171e-06 1.971135836136697026e-07 -8.279181271618351207e-07 -2.672754647702104733e-06 -5.383526139697481713e-07
3.325500000000000000e+03 2.591778497689637853e-06 3.043984345027550444e-06 -5.175741168875245601e-07 4.854500634034870900e-06 -2.829579243746228579e-06 -3.306972449595422937e-07 2.464152381147484960e-07 -2.362236338691525546e-07 -1.019995265109276942e-07
3.725500000000000000e+03 1.762658341910700485e-05 1.314295078951381261e-06 -2.606324011558060986e-07 -9.910178578385043821e-07 -8.476817950053830837e-07 3.696232086058655550e-07 -3.366384925698811311e-08 4.953018748931218793e-07 5.784373134577717472e-08
4.125500000000000000e+03 7.979374564381143492e-06 1.022290002918656662e-06 -2.326152008847247286e-07 4.253930993545028569e-06 2.211203324984596910e-06 8.973284985847730244e-07 -1.214281301203630531e-07 3.004291857998390830e-07 -1.526504164935257922e-07
4.525500000000000000e+03 6.133413121546277237e-07 2.387546545245902534e-07 6.453154267439931249e-07 -1.850924235115904458e-06 2.873704091501910247e-07 7.986462563842801264e-08 3.722011306219692594e-08 -1.363280056183346006e-07 2.954102137585315052e-07
4.925500000000000000e+03 -1.501673389903929723e-06 -4.814416698556608458e-07 1.320150757368562742e-06 8.624311781226031345e-08 3.462277376806582533e-07 8.241065214728051803e-08 7.788875039608616848e-08 -6.725840230701085862e-08 4.087035538176635865e-07
5.325500000000000000e+03 -7.549041772965376547e-06 -3.528286482459780331e-07 6.535104651549048818e-07 3.987365787057467606e-06 7.258155722739072163e-07 -2.889510482515424147e-07 -2.750226172418044550e-07 3.651766293698512114e-07 1.152369771762357371e-07
5.725500000000000000e+03 3.486487777249563875e-06 2.641296144737672850e-07 7.021494593543989760e-07 1.051987864231712076e-06 2.871534410980722958e-07 -5.201079526196193700e-07 7.752311804822964901e-08 1.792055605700431568e-07 2.024189114811601120e-07
6.125500000000000000e+03 -2.079119558019829184e-06 4.549234953659657322e-08 -4.769452902983546568e-07 3.910265169935651896e-06 2.191974188743879639e-07 2.085393339230118579e-07 1.384830731448497909e-07 2.771714848248093203e-08 1.372629050168345705e-07
6.725500000000000000e+03 1.173505219716600725e-06 1.769035068511303253e-07 -4.042387690715419446e-07 1.444349407529533717e-06 1.339275427392871398e-07 2.311482709983047462e-07 -7.139906989839702695e-08 2.735499790033549132e-08 4.991649270568754664e-08
7.525500000000000000e+03 3.050325226930841952e-07 6.159718493339192474e-08 -2.043652986578438897e-07 1.123727551073297627e-08 8.175967098546281217e-07 -2.793740347343627042e-07 3.243252486708832216e-08 -3.725133890179388775e-08 -1.374628646375335069e-08
