# l Dl_TT Dl_TE Dl_TB Dl_ET Dl_BT Dl_EE Dl_EB Dl_BE Dl_BB
6.350000000000000000e+01 5.517285203919291203e-04 0.000000000000000000e+00 0.000000000000000000e+00 -3.730617066603278658e-06 -4.418331529227623197e-06 0.000000000000000000e+00 0.000000000000000000e+00 0.000000000000000000e+00 0.000000000000000000e+00
1.505000000000000000e+02 -1.584888433410469631e-03 0.000000000000000000e+00 0.000000000000000000e+00 -8.114352371136137565e-06 -1.057824171743301873e-05 0.000000000000000000e+00 0.000000000000000000e+00 0.000000000000000000e+00 0.000000000000000000e+00
2.005000000000000000e+02 -3.442911249405238971e-03 0.000000000000000000e+00 0.000000000000000000e+00 2.056802743924648951e-06 -3.505992407247061280e-05 0.000000000000000000e+00 0.000000000000000000e+00 0.000000000000000000e+00 0.000000000000000000e+00
2.505000000000000000e+02 -3.288860692496771519e-03 0.000000000000000000e+00 0.000000000000000000e+00 1.228388842492151485e-05 -1.318022890553656674e-06 0.000000000000000000e+00 0.000000000000000000e+00 0.000000000000000000e+00 0.000000000000000000e+00
3.005000000000000000e+02 -2.300351254422152141e-03 0.000000000000000000e+00 0.000000000000000000e+00 -4.035349933741662798e-05 9.133995264292430393e-05 0.000000000000000000e+00 0.000000000000000000e+00 0.000000000000000000e+00 0.000000000000000000e+00
3.505000000000000000e+02 3.881358008470005630e-03 0.000000000000000000e+00 0.000000000000000000e+00 6.319201948855828312e-05 -1.178266497295539652e-04 0.000000000000000000e+00 0.000000000000000000e+00 0.000000000000000000e+00 0.000000000000000000e+00
4.005000000000000000e+02 -8.830671637321355419e-03 0.000000000000000000e+00 0.000000000000000000e+00 -4.916272702009508921e-06 -3.929919185804905810e-05 0.000000000000000000e+00 0.000000000000000000e+00 0.000000000000000000e+00 0.000000000000000000e+00
4.505000000000000000e+02 -6.375625290714353631e-04 0.000000000000000000e+00 0.000000000000000000e+00 -2.098287208594548214e-04 4.617344310527671372e-05 0.000000000000000000e+00 0.000000000000000000e+00 0.000000000000000000e+00 0.000000000000000000e+00
5.005000000000000000e+02 -2.055175051693434920e-03 0.000000000000000000e+00 0.000000000000000000e+00 1.199525962795627870e-04 -3.908090729789828201e-04 0.000000000000000000e+00 0.000000000000000000e+00 0.000000000000000000e+00 0.000000000000000000e+00
5.505000000000000000e+02 -6.965267972000028888e-03 0.000000000000000000e+00 0.000000000000000000e+00 5.813355105298757022e-05 -2.015010477733705807e-04 0.000000000000000000e+00 0.000000000000000000e+00 0.000000000000000000e+00 0.000000000000000000e+00
6.005000000000000000e+02 1.326535882556958935e-03 0.000000000000000000e+00 0.000000000000000000e+00 -3.228443302829556491e-05 -9.182066979263797722e-05 0.000000000000000000e+00 0.000000000000000000e+00 0.000000000000000000e+00 0.000000000000000000e+00
6.505000000000000000e+02 -2.347737910559102859e-03 0.000000000000000000e+00 0.000000000000000000e+00 9.448498202301486596e-05 3.828576232750579184e-05 0.000000000000000000e+00 0.000000000000000000e+00 0.000000000000000000e+00 0.000000000000000000e+00
7.005000000000000000e+02 -9.058375184686712558e-03 0.000000000000000000e+00 0.000000000000000000e+00 -4.346650661722181361e-05 2.228480415870102754e-04 0.000000000000000000e+00 0.000000000000000000e+00 0.000000000000000000e+00 0.000000000000000000e+00
7.505000000000000000e+02 -1.035931208597302110e-02 0.000000000000000000e+00 0.000000000000000000e+00 2.964044802425130508e-05 2.955276603212442081e-04 0.000000000000000000e+00 0.000000000000000000e+00 0.000000000000000000e+00 0.000000000000000000e+00
8.005000000000000000e+02 -7.321916491204795083e-03 0.000000000000000000e+00 0.000000000000000000e+00 2.022162505074104051e-04 2.632471805619861143e-05 0.000000000000000000e+00 0.000000000000000000e+00 0.000000000000000000e+00 0.000000000000000000e+00
8.505000000000000000e+02 1.149062604041419834e-02 0.000000000000000000e+00 0.000000000000000000e+00 -2.544503850486346647e-04 -1.205757337095073110e-04 0.000000000000000000e+00 0.000000000000000000e+00 0.000000000000000000e+00 0.000000000000000000e+00
9.005000000000000000e+02 -7.426072891295040952e-03 0.000000000000000000e+00 0.000000000000000000e+00 1.406774844865135113e-04 5.440960252993052833e-04 0.000000000000000000e+00 0.000000000000000000e+00 0.000000000000000000e+00 0.000000000000000000e+00
9.505000000000000000e+02 -9.592476527558867205e-03 0.000000000000000000e+00 0.000000000000000000e+00 7.409831060459473226e-05 2.968970417804487434e-04 0.000000000000000000e+00 0.000000000000000000e+00 0.000000000000000000e+00 0.000000000000000000e+00
1.000500000000000000e+03 -1.389719751887497556e-03 0.000000000000000000e+00 0.000000000000000000e+00 6.122218579922838067e-04 -7.131577802255345056e-05 0.000000000000000000e+00 0.000000000000000000e+00 0.000000000000000000e+00 0.000000000000000000e+00
1.050500000000000000e+03 5.114491326806096597e-03 0.000000000000000000e+00 0.000000000000000000e+00 -2.022683914656005450e-04 2.353473400658338723e-04 0.000000000000000000e+00 0.000000000000000000e+00 0.000000000000000000e+00 0.000000000000000000e+00
1.100500000000000000e+03 -1.762738121188210660e-02 0.000000000000000000e+00 0.000000000000000000e+00 -6.192924193754258718e-05 -3.761467969318881970e-05 0.000000000000000000e+00 0.000000000000000000e+00 0.000000000000000000e+00 0.000000000000000000e+00
1.150500000000000000e+03 1.201172728577815096e-02 0.000000000000000000e+00 0.000000000000000000e+00 -1.685919219272252073e-04 -4.405056065349552885e-04 0.000000000000000000e+00 0.000000000000000000e+00 0.000000000000000000e+00 0.000000000000000000e+00
1.200500000000000000e+03 -2.361980773950414676e-03 0.000000000000000000e+00 0.000000000000000000e+00 2.059789436785133595e-07 2.505637368976636908e-04 0.000000000000000000e+00 0.000000000000000000e+00 0.000000000000000000e+00 0.000000000000000000e+00
1.250500000000000000e+03 8.139752666901472729e-04 0.000000000000000000e+00 0.000000000000000000e+00 1.741056255065527233e-04 3.879566608779762152e-04 0.000000000000000000e+00 0.000000000000000000e+00 0.000000000000000000e+00 0.000000000000000000e+00
1.300500000000000000e+03 -4.746440702385107749e-03 0.000000000000000000e+00 0.000000000000000000e+00 1.502365630064477093e-05 -3.336509160859511889e-04 0.000000000000000000e+00 0.000000000000000000e+00 0.000000000000000000e+00 0.000000000000000000e+00
1.350500000000000000e+03 1.010808237395964190e-02 0.000000000000000000e+00 0.000000000000000000e+00 3.019789265601685981e-04 -1.416893170364479755e-04 0.000000000000000000e+00 0.000000000000000000e+00 0.000000000000000000e+00 0.000000000000000000e+00
1.400500000000000000e+03 -2.242068566737870014e-02 0.000000000000000000e+00 0.000000000000000000e+00 5.937958781413765118e-05 -2.545641424802440583e-04 0.000000000000000000e+00 0.000000000000000000e+00 0.000000000000000000e+00 0.000000000000000000e+00
1.450500000000000000e+03 -1.078791156284901985e-02 0.000000000000000000e+00 0.000000000000000000e+00 4.649432236366980785e-04 -2.908428745712423355e-04 0.000000000000000000e+00 0.000000000000000000e+00 0.000000000000000000e+00 0.000000000000000000e+00
1.500500000000000000e+03 1.696457722253781608e-02 0.000000000000000000e+00 0.000000000000000000e+00 -1.457731008467850532e-04 1.928840337855839684e-04 0.000000000000000000e+00 0.000000000000000000e+00 0.000000000000000000e+00 0.000000000000000000e+00
1.550500000000000000e+03 -7.279983468450772384e-03 0.000000000000000000e+00 0.000000000000000000e+00 5.515941324361611905e-04 -5.292795531126080278e-04 0.000000000000000000e+00 0.000000000000000000e+00 0.000000000000000000e+00 0.000000000000000000e+00
1.600500000000000000e+03 6.706123910527526238e-03 0.000000000000000000e+00 0.000000000000000000e+00 -4.644370045464969125e-04 -5.383092112007963797e-04 0.000000000000000000e+00 0.000000000000000000e+00 0.000000000000000000e+00 0.000000000000000000e+00
1.650500000000000000e+03 3.816131627937388235e-03 0.000000000000000000e+00 0.000000000000000000e+00 6.358833157785150818e-05 2.893559766630457225e-04 0.000000000000000000e+00 0.000000000000000000e+00 0.000000000000000000e+00 0.000000000000000000e+00
1.700500000000000000e+03 -7.978870729218139751e-03 0.000000000000000000e+00 0.000000000000000000e+00 3.191056290597482767e-04 1.114152680415276972e-04 0.000000000000000000e+00 0.000000000000000000e+00 0.000000000000000000e+00 0.000000000000000000e+00
1.750500000000000000e+03 6.731325513323714073e-03 0.000000000000000000e+00 0.000000000000000000e+00 -1.134117522786540590e-04 2.722139498865690775e-04 0.000000000000000000e+00 0.000000000000000000e+00 0.000000000000000000e+00 0.000000000000000000e+00
1.800500000000000000e+03 3.576426731372513938e-03 0.000000000000000000e+00 0.000000000000000000e+00 1.813863505379669405e-04 -1.734426110246361315e-04 0.000000000000000000e+00 0.000000000000000000e+00 0.000000000000000000e+00 0.000000000000000000e+00
1.850500000000000000e+03 -6.928027272061570117e-03 0.000000000000000000e+00 0.000000000000000000e+00 -6.136901280133225589e-04 -5.709109384303409163e-05 0.000000000000000000e+00 0.000000000000000000e+00 0.000000000000000000e+00 0.000000000000000000e+00
1.900500000000000000e+03 1.755483568525657845e-02 0.000000000000000000e+00 0.000000000000000000e+00 -5.968336943405739246e-04 -1.251192806800404680e-04 0.000000000000000000e+00 0.000000000000000000e+00 0.000000000000000000e+00 0.000000000000000000e+00
1.950500000000000000e+03 -2.332683189343049551e-02 0.000000000000000000e+00 0.000000000000000000e+00 2.812881299771868718e-04 3.053266538556127980e-04 0.000000000000000000e+00 0.000000000000000000e+00 0.000000000000000000e+00 0.000000000000000000e+00
2.000500000000000000e+03 1.046701659809305511e-02 0.000000000000000000e+00 0.000000000000000000e+00 2.292307355588737918e-04 3.970502094173125130e-04 0.000000000000000000e+00 0.000000000000000000e+00 0.000000000000000000e+00 0.000000000000000000e+00
2.075500000000000000e+03 -1.543007240894577262e-02 0.000000000000000000e+00 0.000000000000000000e+00 -2.128901423635432119e-04 5.474418569707758826e-04 0.000000000000000000e+00 0.000000000000000000e+00 0.000000000000000000e+00 0.000000000000000000e+00
2.175500000000000000e+03 2.940362022270135572e-03 0.000000000000000000e+00 0.000000000000000000e+00 5.855253875766055095e-04 4.980047556713783612e-04 0.000000000000000000e+00 0.000000000000000000e+00 0.000000000000000000e+00 0.000000000000000000e+00
2.275500000000000000e+03 -7.968808665605028527e-03 0.000000000000000000e+00 0.000000000000000000e+00 -5.872645727413980436e-05 4.105074028129733032e-04 0.000000000000000000e+00 0.000000000000000000e+00 0.000000000000000000e+00 0.000000000000000000e+00
2.375500000000000000e+03 -3.145380648606403966e-03 0.000000000000000000e+00 0.000000000000000000e+00 -2.819840704560183821e-05 7.376166254439997256e-04 0.000000000000000000e+00 0.000000000000000000e+00 0.000000000000000000e+00 0.000000000000000000e+00
2.475500000000000000e+03 1.736127687898876212e-02 0.000000000000000000e+00 0.000000000000000000e+00 1.911937395210906157e-04 -4.103365198715257884e-04 0.000000000000000000e+00 0.000000000000000000e+00 0.000000000000000000e+00 0.000000000000000000e+00
2.625500000000000000e+03 -1.134195592694684125e-02 0.000000000000000000e+00 0.000000000000000000e+00 2.192727227610842284e-04 1.645592023172687268e-04 0.000000000000000000e+00 0.000000000000000000e+00 0.000000000000000000e+00 0.000000000000000000e+00
2.825500000000000000e+03 6.306496333638124049e-03 0.000000000000000000e+00 0.000000000000000000e+00 5.125295943278988171e-06 2.085435772087178871e-04 0.000000000000000000e+00 0.000000000000000000e+00 0.000000000000000000e+00 0.000000000000000000e+00
3.025500000000000000e+03 -1.246882652721607171e-02 0.000000000000000000e+00 0.000000000000000000e+00 6.630921211724174504e-05 6.417797271857971255e-06 0.000000000000000000e+00 0.000000000000000000e+00 0.000000000000000000e+00 0.000000000000000000e+00
3.325500000000000000e+03 -5.250295825875065693e-03 0.000000000000000000e+00 0.000000000000000000e+00 -3.033502482342432204e-05 1.127060200070017398e-04 0.000000000000000000e+00 0.000000000000000000e+00 0.000000000000000000e+00 0.000000000000000000e+00
3.725500000000000000e+03 -1.158023480373188835e-02 0.000000000000000000e+00 0.000000000000000000e+00 1.943044387210374874e-04 4.011094911160566066e-05 0.000000000000000000e+00 0.000000000000000000e+00 0.000000000000000000e+00 0.000000000000000000e+00
4.125500000000000000e+03 5.328889082351031224e-03 0.000000000000000000e+00 0.000000000000000000e+00 -5.952538888252916209e-05 -8.375748678935177960e-05 0.000000000000000000e+00 0.000000000000000000e+00 0.000000000000000000e+00 0.000000000000000000e+00
4.525500000000000000e+03 6.993243497426305014e-05 0.000000000000000000e+00 0.000000000000000000e+00 2.753861921772626871e-06 -1.348034726585808571e-04 0.000000000000000000e+00 0.000000000000000000e+00 0.000000000000000000e+00 0.000000000000000000e+00
4.925500000000000000e+03 4.795045020399773400e-03 0.000000000000000000e+00 0.000000000000000000e+00 2.221287949937298214e-04 1.845355357850823918e-04 0.000000000000000000e+00 0.000000000000000000e+00 0.000000000000000000e+00 0.000000000000000000e+00
5.325500000000000000e+03 -6.739980607030149687e-04 0.000000000000000000e+00 0.000000000000000000e+00 3.391269252483144938e-05 1.420591434997168155e-05 0.000000000000000000e+00 0.000000000000000000e+00 0.000000000000000000e+00 0.000000000000000000e+00
5.725500000000000000e+03 3.220811060142486117e-03 0.000000000000000000e+00 0.000000000000000000e+00 2.682464823370338453e-04 1.063016175173807875e-04 0.000000000000000000e+00 0.000000000000000000e+00 0.000000000000000000e+00 0.000000000000000000e+00
6.125500000000000000e+03 5.571683378045760512e-03 0.000000000000000000e+00 0.000000000000000000e+00 -1.282748276421828411e-04 -5.393963659424117461e-05 0.000000000000000000e+00 0.000000000000000000e+00 0.000000000000000000e+00 0.000000000000000000e+00
6.725500000000000000e+03 9.593018415940214594e-03 0.000000000000000000e+00 0.000000000000000000e+00 3.987905842874084496e-05 -8.345294088318605964e-05 0.000000000000000000e+00 0.000000000000000000e+00 0.000000000000000000e+00 0.000000000000000000e+00
7.525500000000000000e+03 -1.073869459856258190e-03 0.000000000000000000e+00 0.000000000000000000e+00 -1.239856223751673191e-05 -8.915013953619328095e-05 0.000000000000000000e+00 0.000000000000000000e+00 0.000000000000000000e+00 0.000000000000000000e+00
