# l Dl_TT Dl_TE Dl_TB Dl_ET Dl_BT Dl_EE Dl_EB Dl_BE Dl_BB
6.350000000000000000e+01 6.132731519669341620e-05 0.000000000000000000e+00 0.000000000000000000e+00 1.437857665743713188e-05 -7.065283679760542961e-07 0.000000000000000000e+00 0.000000000000000000e+00 0.000000000000000000e+00 0.000000000000000000e+00
1.505000000000000000e+02 6.927915865682927555e-06 0.000000000000000000e+00 0.000000000000000000e+00 9.612254093752173391e-06 -8.239856059835711966e-06 0.000000000000000000e+00 0.000000000000000000e+00 0.000000000000000000e+00 0.000000000000000000e+00
2.005000000000000000e+02 6.697640767365369582e-06 0.000000000000000000e+00 0.000000000000000000e+00 -5.335154620360381069e-07 -4.027458885141013005e-06 0.000000000000000000e+00 0.000000000000000000e+00 0.000000000000000000e+00 0.000000000000000000e+00
2.505000000000000000e+02 2.868000680067034436e-06 0.000000000000000000e+00 0.000000000000000000e+00 4.762212624397465354e-08 1.078134244764831943e-07 0.000000000000000000e+00 0.000000000000000000e+00 0.000000000000000000e+00 0.000000000000000000e+00
3.005000000000000000e+02 -1.621779633714392585e-05 0.000000000000000000e+00 0.000000000000000000e+00 -4.700111945908201993e-06 1.317258948965339336e-06 0.000000000000000000e+00 0.000000000000000000e+00 0.000000000000000000e+00 0.000000000000000000e+00
3.505000000000000000e+02 -3.432040283164884744e-06 0.000000000000000000e+00 0.000000000000000000e+00 -9.130133753616039849e-07 1.260386540651585886e-07 0.000000000000000000e+00 0.000000000000000000e+00 0.000000000000000000e+00 0.000000000000000000e+00
4.005000000000000000e+02 -5.270413512937114336e-06 0.000000000000000000e+00 0.000000000000000000e+00 -1.734189213055406434e-07 3.254536047673281005e-06 0.000000000000000000e+00 0.000000000000000000e+00 0.000000000000000000e+00 0.000000000000000000e+00
4.505000000000000000e+02 -2.413825051718890418e-06 0.000000000000000000e+00 0.000000000000000000e+00 -9.521960381444183673e-08 -2.200552594227331289e-06 0.000000000000000000e+00 0.000000000000000000e+00 0.000000000000000000e+00 0.000000000000000000e+00
5.005000000000000000e+02 3.387852087177570047e-08 0.000000000000000000e+00 0.000000000000000000e+00 2.002187234082637946e-07 1.647507107174863759e-06 0.000000000000000000e+00 0.000000000000000000e+00 0.000000000000000000e+00 0.000000000000000000e+00
5.505000000000000000e+02 -1.381815023724162579e-06 0.000000000000000000e+00 0.000000000000000000e+00 2.176835249022930373e-06 -2.613818089250426712e-06 0.000000000000000000e+00 0.000000000000000000e+00 0.000000000000000000e+00 0.000000000000000000e+00
6.005000000000000000e+02 -2.642389291612238493e-07 0.000000000000000000e+00 0.000000000000000000e+00 -2.788065842572022110e-06 3.359291349705888489e-07 0.000000000000000000e+00 0.000000000000000000e+00 0.000000000000000000e+00 0.000000000000000000e+00
6.505000000000000000e+02 -7.376758617428253883e-07 0.000000000000000000e+00 0.000000000000000000e+00 3.910780207273769929e-07 -3.232480158014508737e-08 0.000000000000000000e+00 0.000000000000000000e+00 0.000000000000000000e+00 0.000000000000000000e+00
7.005000000000000000e+02 -1.823612431570017267e-06 0.000000000000000000e+00 0.000000000000000000e+00 -9.281322985394172737e-08 4.173811373727061875e-07 0.000000000000000000e+00 0.000000000000000000e+00 0.000000000000000000e+00 0.000000000000000000e+00
7.505000000000000000e+02 -1.062205105195820053e-07 0.000000000000000000e+00 0.000000000000000000e+00 -1.010569854033094665e-06 4.706232083924020468e-07 0.000000000000000000e+00 0.000000000000000000e+00 0.000000000000000000e+00 0.000000000000000000e+00
8.005000000000000000e+02 2.109531997038650334e-07 0.000000000000000000e+00 0.000000000000000000e+00 2.104166866778930904e-07 -3.516803339805949819e-07 0.000000000000000000e+00 0.000000000000000000e+00 0.000000000000000000e+00 0.000000000000000000e+00
8.505000000000000000e+02 -4.193637232376197641e-07 0.000000000000000000e+00 0.000000000000000000e+00 -1.487813609790095441e-07 3.079856337596444734e-08 0.000000000000000000e+00 0.000000000000000000e+00 0.000000000000000000e+00 0.000000000000000000e+00
9.005000000000000000e+02 -1.814818120170494925e-07 0.000000000000000000e+00 0.000000000000000000e+00 5.800508619479710140e-07 -5.359878030522041973e-08 0.000000000000000000e+00 0.000000000000000000e+00 0.000000000000000000e+00 0.000000000000000000e+00
9.505000000000000000e+02 3.605158232178212889e-07 0.000000000000000000e+00 0.000000000000000000e+00 -1.108187705294234687e-08 -1.639926391766733303e-07 0.000000000000000000e+00 0.000000000000000000e+00 0.000000000000000000e+00 0.000000000000000000e+00
1.000500000000000000e+03 -6.742611942128531533e-08 0.000000000000000000e+00 0.000000000000000000e+00 -5.067272214456053619e-08 -1.865521212139201071e-07 0.000000000000000000e+00 0.000000000000000000e+00 0.000000000000000000e+00 0.000000000000000000e+00
1.050500000000000000e+03 -2.463886430840665631e-07 0.000000000000000000e+00 0.000000000000000000e+00 2.781055087223922651e-07 -1.467635409421294442e-07 0.000000000000000000e+00 0.000000000000000000e+00 0.000000000000000000e+00 0.000000000000000000e+00
1.100500000000000000e+03 3.643620137709222837e-07 0.000000000000000000e+00 0.000000000000000000e+00 -1.976326120365458212e-07 -6.491604986970342954e-08 0.000000000000000000e+00 0.000000000000000000e+00 0.000000000000000000e+00 0.000000000000000000e+00
1.150500000000000000e+03 -4.490957873986901845e-07 0.000000000000000000e+00 0.000000000000000000e+00 -1.691231314299250427e-07 1.658783257206036838e-07 0.000000000000000000e+00 0.000000000000000000e+00 0.000000000000000000e+00 0.000000000000000000e+00
1.200500000000000000e+03 -4.317447199554058818e-08 0.000000000000000000e+00 0.000000000000000000e+00 2.974613057462512604e-07 2.920990405968051608e-07 0.000000000000000000e+00 0.000000000000000000e+00 0.000000000000000000e+00 0.000000000000000000e+00
1.250500000000000000e+03 -5.149595823313490907e-07 0.000000000000000000e+00 0.000000000000000000e+00 -1.626657751934115693e-07 3.028918471736680759e-07 0.000000000000000000e+00 0.000000000000000000e+00 0.000000000000000000e+00 0.000000000000000000e+00
1.300500000000000000e+03 -1.988987180232498857e-07 0.000000000000000000e+00 0.000000000000000000e+00 3.845900512049518021e-07 -1.595020353222400155e-07 0.000000000000000000e+00 0.000000000000000000e+00 0.000000000000000000e+00 0.000000000000000000e+00
1.350500000000000000e+03 7.159262169879343541e-07 0.000000000000000000e+00 0.000000000000000000e+00 3.894052950703412389e-08 2.277013953896755077e-07 0.000000000000000000e+00 0.000000000000000000e+00 0.000000000000000000e+00 0.000000000000000000e+00
1.400500000000000000e+03 -1.060130680270889113e-06 0.000000000000000000e+00 0.000000000000000000e+00 1.344372444836080744e-07 3.326324481647428054e-09 0.000000000000000000e+00 0.000000000000000000e+00 0.000000000000000000e+00 0.000000000000000000e+00
1.450500000000000000e+03 -8.436559839439544395e-07 0.000000000000000000e+00 0.000000000000000000e+00 2.548108217083085351e-08 -2.655321628045433166e-07 0.000000000000000000e+00 0.000000000000000000e+00 0.000000000000000000e+00 0.000000000000000000e+00
1.500500000000000000e+03 1.008318618139513190e-07 0.000000000000000000e+00 0.000000000000000000e+00 -1.681910385213382566e-08 1.766948953178798428e-07 0.000000000000000000e+00 0.000000000000000000e+00 0.000000000000000000e+00 0.000000000000000000e+00
1.550500000000000000e+03 -1.538658804314760134e-07 0.000000000000000000e+00 0.000000000000000000e+00 -1.909971922875151509e-07 -2.605567286513775689e-08 0.000000000000000000e+00 0.000000000000000000e+00 0.000000000000000000e+00 0.000000000000000000e+00
1.600500000000000000e+03 1.858450470758945683e-07 0.000000000000000000e+00 0.000000000000000000e+00 7.698927782546972612e-08 9.918744219651588090e-08 0.000000000000000000e+00 0.000000000000000000e+00 0.000000000000000000e+00 0.000000000000000000e+00
1.650500000000000000e+03 -6.664876220649108189e-08 0.000000000000000000e+00 0.000000000000000000e+00 5.390946709742888263e-08 -1.146740913023742691e-07 0.000000000000000000e+00 0.000000000000000000e+00 0.000000000000000000e+00 0.000000000000000000e+00
1.700500000000000000e+03 3.899689484367317091e-07 0.000000000000000000e+00 0.000000000000000000e+00 -1.016305644298681738e-07 1.513252573496546639e-07 0.000000000000000000e+00 0.000000000000000000e+00 0.000000000000000000e+00 0.000000000000000000e+00
1.750500000000000000e+03 -7.119857555869898272e-08 0.000000000000000000e+00 0.000000000000000000e+00 -7.920800338285436706e-08 8.923009450095107999e-09 0.000000000000000000e+00 0.000000000000000000e+00 0.000000000000000000e+00 0.000000000000000000e+00
1.800500000000000000e+03 1.591985757825068394e-07 0.000000000000000000e+00 0.000000000000000000e+00 -2.104668690617664920e-07 1.724075657242583022e-07 0.000000000000000000e+00 0.000000000000000000e+00 0.000000000000000000e+00 0.000000000000000000e+00
1.850500000000000000e+03 1.808734352471191070e-07 0.000000000000000000e+00 0.000000000000000000e+00 -6.098585967051904233e-08 -6.103733007092057167e-08 0.000000000000000000e+00 0.000000000000000000e+00 0.000000000000000000e+00 0.000000000000000000e+00
1.900500000000000000e+03 -9.102144311925806718e-08 0.000000000000000000e+00 0.000000000000000000e+00 -2.157293982983985372e-07 9.782265320280521810e-08 0.000000000000000000e+00 0.000000000000000000e+00 0.000000000000000000e+00 0.000000000000000000e+00
1.950500000000000000e+03 1.550674113396871615e-07 0.000000000000000000e+00 0.000000000000000000e+00 -2.245690613304555978e-08 6.084357758674399700e-08 0.000000000000000000e+00 0.000000000000000000e+00 0.000000000000000000e+00 0.000000000000000000e+00
2.000500000000000000e+03 -4.181607796532239379e-09 0.000000000000000000e+00 0.000000000000000000e+00 4.415782094084889336e-08 8.889887515758242130e-10 0.000000000000000000e+00 0.000000000000000000e+00 0.000000000000000000e+00 0.000000000000000000e+00
2.075500000000000000e+03 -9.973473229880251221e-08 0.000000000000000000e+00 0.000000000000000000e+00 -2.558834060313811474e-08 1.567585206399011980e-08 0.000000000000000000e+00 0.000000000000000000e+00 0.000000000000000000e+00 0.000000000000000000e+00
2.175500000000000000e+03 -1.751146397746057051e-07 0.000000000000000000e+00 0.000000000000000000e+00 -2.743699662845143140e-08 -2.762673681568218170e-08 0.000000000000000000e+00 0.000000000000000000e+00 0.000000000000000000e+00 0.000000000000000000e+00
2.275500000000000000e+03 -6.235751442508592529e-08 0.000000000000000000e+00 0.000000000000000000e+00 -3.097749487469636703e-09 1.189340118247105999e-08 0.000000000000000000e+00 0.000000000000000000e+00 0.000000000000000000e+00 0.000000000000000000e+00
2.375500000000000000e+03 -5.039378734162110246e-08 0.000000000000000000e+00 0.000000000000000000e+00 4.551005613988999912e-08 -6.373000882151520769e-09 0.000000000000000000e+00 0.000000000000000000e+00 0.000000000000000000e+00 0.000000000000000000e+00
2.475500000000000000e+03 -5.100122074140918136e-08 0.000000000000000000e+00 0.000000000000000000e+00 6.810191174565521310e-09 2.058917747655913604e-08 0.000000000000000000e+00 0.000000000000000000e+00 0.000000000000000000e+00 0.000000000000000000e+00
2.625500000000000000e+03 -1.766584555233413203e-08 0.000000000000000000e+00 0.000000000000000000e+00 1.720141816109515199e-08 2.294775991095667489e-08 0.000000000000000000e+00 0.000000000000000000e+00 0.000000000000000000e+00 0.000000000000000000e+00
2.825500000000000000e+03 3.008219468310910275e-08 0.000000000000000000e+00 0.000000000000000000e+00 9.804739186088301871e-10 -2.699318696916087601e-08 0.000000000000000000e+00 0.000000000000000000e+00 0.000000000000000000e+00 0.000000000000000000e+00
3.025500000000000000e+03 1.109010122279636832e-07 0.000000000000000000e+00 0.000000000000000000e+00 -2.048379495808701395e-08 -5.454192916133609939e-08 0.000000000000000000e+00 0.000000000000000000e+00 0.000000000000000000e+00 0.000000000000000000e+00
3.325500000000000000e+03 -9.912513317806741391e-09 0.000000000000000000e+00 0.000000000000000000e+00 -6.230509595095777361e-09 8.918954794501218420e-09 0.000000000000000000e+00 0.000000000000000000e+00 0.000000000000000000e+00 0.000000000000000000e+00
3.725500000000000000e+03 7.216624601856418766e-09 0.000000000000000000e+00 0.000000000000000000e+00 -1.681074805924571605e-08 -1.172251817516472930e-09 0.000000000000000000e+00 0.000000000000000000e+00 0.000000000000000000e+00 0.000000000000000000e+00
4.125500000000000000e+03 1.280018065097062960e-08 0.000000000000000000e+00 0.000000000000000000e+00 -9.553832642537664032e-09 9.899982140331215928e-09 0.000000000000000000e+00 0.000000000000000000e+00 0.000000000000000000e+00 0.000000000000000000e+00
4.525500000000000000e+03 6.844493074379246813e-08 0.000000000000000000e+00 0.000000000000000000e+00 9.833389308127606500e-09 3.282823552928330972e-09 0.000000000000000000e+00 0.000000000000000000e+00 0.000000000000000000e+00 0.000000000000000000e+00
4.925500000000000000e+03 4.182477005835234469e-09 0.000000000000000000e+00 0.000000000000000000e+00 -1.368219810917815286e-08 1.550914523736461522e-08 0.000000000000000000e+00 0.000000000000000000e+00 0.000000000000000000e+00 0.000000000000000000e+00
5.325500000000000000e+03 2.557854441957458132e-09 0.000000000000000000e+00 0.000000000000000000e+00 -1.603215969740540128e-09 -1.104884678371496210e-08 0.000000000000000000e+00 0.000000000000000000e+00 0.000000000000000000e+00 0.000000000000000000e+00
5.725500000000000000e+03 -6.584006850537127376e-09 0.000000000000000000e+00 0.000000000000000000e+00 -4.902094184685839601e-09 -6.371724760479731361e-09 0.000000000000000000e+00 0.000000000000000000e+00 0.000000000000000000e+00 0.000000000000000000e+00
6.125500000000000000e+03 -7.704019122858611960e-09 0.000000000000000000e+00 0.000000000000000000e+00 -1.426400929796703369e-09 1.412576068481364064e-08 0.000000000000000000e+00 0.000000000000000000e+00 0.000000000000000000e+00 0.000000000000000000e+00
6.725500000000000000e+03 7.569322936779307292e-09 0.000000000000000000e+00 0.000000000000000000e+00 1.227409385892699825e-08 -1.032319197774941188e-09 0.000000000000000000e+00 0.000000000000000000e+00 0.000000000000000000e+00 0.000000000000000000e+00
7.525500000000000000e+03 -1.520470070307484256e-09 0.000000000000000000e+00 0.000000000000000000e+00 -2.079361306289270240e-09 2.750495712018294723e-10 0.000000000000000000e+00 0.000000000000000000e+00 0.000000000000000000e+00 0.000000000000000000e+00
