# l Dl_TT Dl_TE Dl_TB Dl_ET Dl_BT Dl_EE Dl_EB Dl_BE Dl_BB
6.350000000000000000e+01 1.060757660653121291e-02 0.000000000000000000e+00 0.000000000000000000e+00 2.778217212903956652e-04 -5.882002195936808986e-05 0.000000000000000000e+00 0.000000000000000000e+00 0.000000000000000000e+00 0.000000000000000000e+00
1.505000000000000000e+02 2.010781484971506210e-03 0.000000000000000000e+00 0.000000000000000000e+00 1.305982894047509222e-04 1.007423491358302882e-05 0.000000000000000000e+00 0.000000000000000000e+00 0.000000000000000000e+00 0.000000000000000000e+00
2.005000000000000000e+02 -3.604749785959381211e-04 0.000000000000000000e+00 0.000000000000000000e+00 2.931724209369287505e-05 -2.148570694098941256e-05 0.000000000000000000e+00 0.000000000000000000e+00 0.000000000000000000e+00 0.000000000000000000e+00
2.505000000000000000e+02 -1.359708730570206815e-04 0.000000000000000000e+00 0.000000000000000000e+00 3.091975281880666308e-06 1.959356659710149886e-05 0.000000000000000000e+00 0.000000000000000000e+00 0.000000000000000000e+00 0.000000000000000000e+00
3.005000000000000000e+02 4.227321607388832402e-04 0.000000000000000000e+00 0.000000000000000000e+00 -4.690412621235052446e-05 -6.431462373229800620e-07 0.000000000000000000e+00 0.000000000000000000e+00 0.000000000000000000e+00 0.000000000000000000e+00
3.505000000000000000e+02 -2.757306371444072390e-04 0.000000000000000000e+00 0.000000000000000000e+00 4.603956195116778641e-06 -2.873334031345809220e-05 0.000000000000000000e+00 0.000000000000000000e+00 0.000000000000000000e+00 0.000000000000000000e+00
4.005000000000000000e+02 -1.771507028962130185e-04 0.000000000000000000e+00 0.000000000000000000e+00 8.881723828615074306e-06 -5.061798274024154688e-06 0.000000000000000000e+00 0.000000000000000000e+00 0.000000000000000000e+00 0.000000000000000000e+00
4.505000000000000000e+02 9.080944596141222569e-06 0.000000000000000000e+00 0.000000000000000000e+00 -4.359209531317748815e-06 -1.366873192922919884e-05 0.000000000000000000e+00 0.000000000000000000e+00 0.000000000000000000e+00 0.000000000000000000e+00
5.005000000000000000e+02 -2.701699651628968238e-04 0.000000000000000000e+00 0.000000000000000000e+00 -3.300702724319957528e-06 1.692177100870791053e-05 0.000000000000000000e+00 0.000000000000000000e+00 0.000000000000000000e+00 0.000000000000000000e+00
5.505000000000000000e+02 -1.303169151926040234e-04 0.000000000000000000e+00 0.000000000000000000e+00 8.529495330578094089e-06 -2.687003043046027757e-06 0.000000000000000000e+00 0.000000000000000000e+00 0.000000000000000000e+00 0.000000000000000000e+00
6.005000000000000000e+02 -1.159051326631007831e-04 0.000000000000000000e+00 0.000000000000000000e+00 -3.820638541548410892e-06 2.561583016450672917e-05 0.000000000000000000e+00 0.000000000000000000e+00 0.000000000000000000e+00 0.000000000000000000e+00
6.505000000000000000e+02 -6.861037510164281648e-05 0.000000000000000000e+00 0.000000000000000000e+00 -1.506182366045712018e-05 3.955561403796221709e-06 0.000000000000000000e+00 0.000000000000000000e+00 0.000000000000000000e+00 0.000000000000000000e+00
7.005000000000000000e+02 -9.435066982232388451e-05 0.000000000000000000e+00 0.000000000000000000e+00 5.655001909640625527e-06 7.031564916764725001e-06 0.000000000000000000e+00 0.000000000000000000e+00 0.000000000000000000e+00 0.000000000000000000e+00
7.505000000000000000e+02 5.519855220608235616e-05 0.000000000000000000e+00 0.000000000000000000e+00 2.830744778963144829e-07 3.380035076780348170e-06 0.000000000000000000e+00 0.000000000000000000e+00 0.000000000000000000e+00 0.000000000000000000e+00
8.005000000000000000e+02 3.091177075552654800e-06 0.000000000000000000e+00 0.000000000000000000e+00 4.341949066796336112e-06 -2.051775596033201977e-06 0.000000000000000000e+00 0.000000000000000000e+00 0.000000000000000000e+00 0.000000000000000000e+00
8.505000000000000000e+02 1.642011957799812319e-05 0.000000000000000000e+00 0.000000000000000000e+00 5.125935583447438727e-06 -3.274798933378670436e-07 0.000000000000000000e+00 0.000000000000000000e+00 0.000000000000000000e+00 0.000000000000000000e+00
9.005000000000000000e+02 -8.756317960119958262e-05 0.000000000000000000e+00 0.000000000000000000e+00 2.400513409321932631e-06 -2.553902850146065095e-06 0.000000000000000000e+00 0.000000000000000000e+00 0.000000000000000000e+00 0.000000000000000000e+00
9.505000000000000000e+02 1.560375544245193733e-05 0.000000000000000000e+00 0.000000000000000000e+00 1.816664570553922461e-07 -2.654347284267455460e-06 0.000000000000000000e+00 0.000000000000000000e+00 0.000000000000000000e+00 0.000000000000000000e+00
1.000500000000000000e+03 -1.647575005074047085e-05 0.000000000000000000e+00 0.000000000000000000e+00 6.445959237806826023e-06 1.869703972733395300e-06 0.000000000000000000e+00 0.000000000000000000e+00 0.000000000000000000e+00 0.000000000000000000e+00
1.050500000000000000e+03 -5.762296846894246639e-07 0.000000000000000000e+00 0.000000000000000000e+00 -1.743323276929058183e-06 -6.781680070157766376e-07 0.000000000000000000e+00 0.000000000000000000e+00 0.000000000000000000e+00 0.000000000000000000e+00
1.100500000000000000e+03 2.452357228730598820e-06 0.000000000000000000e+00 0.000000000000000000e+00 5.081750850799663052e-06 7.193042191523341048e-07 0.000000000000000000e+00 0.000000000000000000e+00 0.000000000000000000e+00 0.000000000000000000e+00
1.150500000000000000e+03 -5.530684384530142359e-05 0.000000000000000000e+00 0.000000000000000000e+00 -6.301683679712217843e-07 1.361062021858279810e-06 0.000000000000000000e+00 0.000000000000000000e+00 0.000000000000000000e+00 0.000000000000000000e+00
1.200500000000000000e+03 -2.678985400956821624e-05 0.000000000000000000e+00 0.000000000000000000e+00 -3.682127621702484343e-07 -2.453209483327805839e-06 0.000000000000000000e+00 0.000000000000000000e+00 0.000000000000000000e+00 0.000000000000000000e+00
1.250500000000000000e+03 -1.375739595522382806e-05 0.000000000000000000e+00 0.000000000000000000e+00 3.220752383341427017e-06 3.739664833257373687e-06 0.000000000000000000e+00 0.000000000000000000e+00 0.000000000000000000e+00 0.000000000000000000e+00
1.300500000000000000e+03 1.848809020314973531e-05 0.000000000000000000e+00 0.000000000000000000e+00 4.959801106857034631e-06 2.632145325329248645e-06 0.000000000000000000e+00 0.000000000000000000e+00 0.000000000000000000e+00 0.000000000000000000e+00
1.350500000000000000e+03 -1.125701931537890393e-05 0.000000000000000000e+00 0.000000000000000000e+00 -1.916123759742445619e-06 5.426090130460443728e-07 0.000000000000000000e+00 0.000000000000000000e+00 0.000000000000000000e+00 0.000000000000000000e+00
1.400500000000000000e+03 -7.150590987523360702e-06 0.000000000000000000e+00 0.000000000000000000e+00 -3.013586383336328073e-06 1.011727261203496811e-08 0.000000000000000000e+00 0.000000000000000000e+00 0.000000000000000000e+00 0.000000000000000000e+00
1.450500000000000000e+03 -7.933207933500203361e-05 0.000000000000000000e+00 0.000000000000000000e+00 -6.507787225891827763e-06 5.715077189037883841e-07 0.000000000000000000e+00 0.000000000000000000e+00 0.000000000000000000e+00 0.000000000000000000e+00
1.500500000000000000e+03 -3.254433426320308689e-05 0.000000000000000000e+00 0.000000000000000000e+00 -3.872869583622111924e-06 2.155531522069382316e-06 0.000000000000000000e+00 0.000000000000000000e+00 0.000000000000000000e+00 0.000000000000000000e+00
1.550500000000000000e+03 -1.028427128711966762e-05 0.000000000000000000e+00 0.000000000000000000e+00 1.157369120753830025e-06 -2.205742823440388867e-06 0.000000000000000000e+00 0.000000000000000000e+00 0.000000000000000000e+00 0.000000000000000000e+00
1.600500000000000000e+03 7.867672645815646830e-06 0.000000000000000000e+00 0.000000000000000000e+00 2.673821722927703462e-06 4.676641080974236842e-07 0.000000000000000000e+00 0.000000000000000000e+00 0.000000000000000000e+00 0.000000000000000000e+00
1.650500000000000000e+03 -1.139325066245948891e-05 0.000000000000000000e+00 0.000000000000000000e+00 -1.514235285797855307e-06 -8.984699815205664466e-07 0.000000000000000000e+00 0.000000000000000000e+00 0.000000000000000000e+00 0.000000000000000000e+00
1.700500000000000000e+03 2.783598083965012788e-05 0.000000000000000000e+00 0.000000000000000000e+00 -3.105939989849785266e-06 -1.315056267841075535e-06 0.000000000000000000e+00 0.000000000000000000e+00 0.000000000000000000e+00 0.000000000000000000e+00
1.750500000000000000e+03 -1.908682297288143842e-05 0.000000000000000000e+00 0.000000000000000000e+00 3.198602631292117076e-07 -3.464956725909141086e-08 0.000000000000000000e+00 0.000000000000000000e+00 0.000000000000000000e+00 0.000000000000000000e+00
1.800500000000000000e+03 1.891183781567535291e-06 0.000000000000000000e+00 0.000000000000000000e+00 1.821208379644274631e-07 -1.869166945515917482e-06 0.000000000000000000e+00 0.000000000000000000e+00 0.000000000000000000e+00 0.000000000000000000e+00
1.850500000000000000e+03 2.641910516346283343e-05 0.000000000000000000e+00 0.000000000000000000e+00 -1.210428344874349331e-06 -7.439303368408464498e-07 0.000000000000000000e+00 0.000000000000000000e+00 0.000000000000000000e+00 0.000000000000000000e+00
1.900500000000000000e+03 9.792012571157182615e-06 0.000000000000000000e+00 0.000000000000000000e+00 1.893606893735063959e-06 1.630571378110792801e-06 0.000000000000000000e+00 0.000000000000000000e+00 0.000000000000000000e+00 0.000000000000000000e+00
1.950500000000000000e+03 1.222786571533268457e-05 0.000000000000000000e+00 0.000000000000000000e+00 -5.544390056072059551e-08 1.837950588787056641e-07 0.000000000000000000e+00 0.000000000000000000e+00 0.000000000000000000e+00 0.000000000000000000e+00
2.000500000000000000e+03 4.956388748057631214e-06 0.000000000000000000e+00 0.000000000000000000e+00 -1.088882738748993039e-06 -1.025331605988196635e-06 0.000000000000000000e+00 0.000000000000000000e+00 0.000000000000000000e+00 0.000000000000000000e+00
2.075500000000000000e+03 -1.046058591315812442e-05 0.000000000000000000e+00 0.000000000000000000e+00 -4.812812684971819492e-07 -5.731109003644735230e-07 0.000000000000000000e+00 0.000000000000000000e+00 0.000000000000000000e+00 0.000000000000000000e+00
2.175500000000000000e+03 2.307931340547155475e-06 0.000000000000000000e+00 0.000000000000000000e+00 -2.312598814308491710e-07 -1.236452168902944600e-06 0.000000000000000000e+00 0.000000000000000000e+00 0.000000000000000000e+00 0.000000000000000000e+00
2.275500000000000000e+03 -2.733908838886900956e-07 0.000000000000000000e+00 0.000000000000000000e+00 -3.769258013146765673e-08 -2.911959544681015360e-07 0.000000000000000000e+00 0.000000000000000000e+00 0.000000000000000000e+00 0.000000000000000000e+00
2.375500000000000000e+03 -7.321348425265361348e-06 0.000000000000000000e+00 0.000000000000000000e+00 7.831143297074823197e-07 8.563988617913197421e-07 0.000000000000000000e+00 0.000000000000000000e+00 0.000000000000000000e+00 0.000000000000000000e+00
2.475500000000000000e+03 -1.334455688123042628e-06 0.000000000000000000e+00 0.000000000000000000e+00 6.548125018665396842e-07 -3.873323774226396438e-07 0.000000000000000000e+00 0.000000000000000000e+00 0.000000000000000000e+00 0.000000000000000000e+00
2.625500000000000000e+03 6.721098607072101179e-07 0.000000000000000000e+00 0.000000000000000000e+00 1.284110601831901218e-07 -5.448493834818702115e-07 0.000000000000000000e+00 0.000000000000000000e+00 0.000000000000000000e+00 0.000000000000000000e+00
2.825500000000000000e+03 -6.310034347019053070e-06 0.000000000000000000e+00 0.000000000000000000e+00 1.616189542188501307e-06 -2.664229059833787049e-07 0.000000000000000000e+00 0.000000000000000000e+00 0.000000000000000000e+00 0.000000000000000000e+00
3.025500000000000000e+03 -5.411621614968928869e-07 0.000000000000000000e+00 0.000000000000000000e+00 -2.656823603274846611e-07 2.406289439612217586e-07 0.000000000000000000e+00 0.000000000000000000e+00 0.000000000000000000e+00 0.000000000000000000e+00
3.325500000000000000e+03 -3.405115439606726748e-06 0.000000000000000000e+00 0.000000000000000000e+00 2.657695722525817435e-07 -4.175875077452493706e-07 0.000000000000000000e+00 0.000000000000000000e+00 0.000000000000000000e+00 0.000000000000000000e+00
3.725500000000000000e+03 -1.814446748240184564e-06 0.000000000000000000e+00 0.000000000000000000e+00 -3.063429489537039113e-07 3.715023652754697928e-07 0.000000000000000000e+00 0.000000000000000000e+00 0.000000000000000000e+00 0.000000000000000000e+00
4.125500000000000000e+03 -3.133858419138050503e-06 0.000000000000000000e+00 0.000000000000000000e+00 1.654324565739443453e-07 -3.089644373302209661e-07 0.000000000000000000e+00 0.000000000000000000e+00 0.000000000000000000e+00 0.000000000000000000e+00
4.525500000000000000e+03 -6.537513833394662694e-07 0.000000000000000000e+00 0.000000000000000000e+00 9.307868467251839284e-08 7.397854669181452431e-10 0.000000000000000000e+00 0.000000000000000000e+00 0.000000000000000000e+00 0.000000000000000000e+00
4.925500000000000000e+03 -6.098302206733883403e-07 0.000000000000000000e+00 0.000000000000000000e+00 -2.539575582172107614e-07 1.249740447601422085e-07 0.000000000000000000e+00 0.000000000000000000e+00 0.000000000000000000e+00 0.000000000000000000e+00
5.325500000000000000e+03 -2.819436664587905844e-07 0.000000000000000000e+00 0.000000000000000000e+00 -6.699864688947773143e-08 -1.113250679634110034e-07 0.000000000000000000e+00 0.000000000000000000e+00 0.000000000000000000e+00 0.000000000000000000e+00
5.725500000000000000e+03 1.897629964510241326e-06 0.000000000000000000e+00 0.000000000000000000e+00 2.116218253113239566e-07 9.582021933477699815e-09 0.000000000000000000e+00 0.000000000000000000e+00 0.000000000000000000e+00 0.000000000000000000e+00
6.125500000000000000e+03 2.111160678935221873e-06 0.000000000000000000e+00 0.000000000000000000e+00 -1.076980884738947417e-07 -9.171729270502778143e-08 0.000000000000000000e+00 0.000000000000000000e+00 0.000000000000000000e+00 0.000000000000000000e+00
6.725500000000000000e+03 -1.688147034534918591e-07 0.000000000000000000e+00 0.000000000000000000e+00 -1.711627287533845096e-07 1.435167070937760200e-07 0.000000000000000000e+00 0.000000000000000000e+00 0.000000000000000000e+00 0.000000000000000000e+00
7.525500000000000000e+03 -4.158809418708581986e-08 0.000000000000000000e+00 0.000000000000000000e+00 -3.646503600079358469e-08 5.413755346021247330e-08 0.000000000000000000e+00 0.000000000000000000e+00 0.000000000000000000e+00 0.000000000000000000e+00
