# l Dl_TT Dl_TE Dl_TB Dl_ET Dl_BT Dl_EE Dl_EB Dl_BE Dl_BB
6.350000000000000000e+01 -5.763564901871349376e-05 0.000000000000000000e+00 0.000000000000000000e+00 -5.935821175610958338e-06 7.300501792085331754e-08 0.000000000000000000e+00 0.000000000000000000e+00 0.000000000000000000e+00 0.000000000000000000e+00
1.505000000000000000e+02 -5.829002281051196650e-04 0.000000000000000000e+00 0.000000000000000000e+00 1.899957948155223304e-05 -2.175729350375868305e-05 0.000000000000000000e+00 0.000000000000000000e+00 0.000000000000000000e+00 0.000000000000000000e+00
2.005000000000000000e+02 1.355174467160740815e-04 0.000000000000000000e+00 0.000000000000000000e+00 3.566871322256677712e-06 4.893946109845118960e-05 0.000000000000000000e+00 0.000000000000000000e+00 0.000000000000000000e+00 0.000000000000000000e+00
2.505000000000000000e+02 1.282485955483203283e-03 0.000000000000000000e+00 0.000000000000000000e+00 2.301224404259627729e-05 4.214504989859864906e-06 0.000000000000000000e+00 0.000000000000000000e+00 0.000000000000000000e+00 0.000000000000000000e+00
3.005000000000000000e+02 -8.831294856922095081e-04 0.000000000000000000e+00 0.000000000000000000e+00 -4.563169689547643651e-05 2.441187850594682556e-05 0.000000000000000000e+00 0.000000000000000000e+00 0.000000000000000000e+00 0.000000000000000000e+00
3.505000000000000000e+02 4.298948362302918054e-03 0.000000000000000000e+00 0.000000000000000000e+00 3.119227819679616821e-06 -5.102657661261165750e-05 0.000000000000000000e+00 0.000000000000000000e+00 0.000000000000000000e+00 0.000000000000000000e+00
4.005000000000000000e+02 3.069602111546815889e-03 0.000000000000000000e+00 0.000000000000000000e+00 8.159853380533539744e-05 -1.105720473400799740e-04 0.000000000000000000e+00 0.000000000000000000e+00 0.000000000000000000e+00 0.000000000000000000e+00
4.505000000000000000e+02 -7.345403803492654270e-04 0.000000000000000000e+00 0.000000000000000000e+00 -1.745595335566537407e-04 7.853571348296012081e-06 0.000000000000000000e+00 0.000000000000000000e+00 0.000000000000000000e+00 0.000000000000000000e+00
5.005000000000000000e+02 -1.105877735732233285e-03 0.000000000000000000e+00 0.000000000000000000e+00 6.935682802810512716e-06 -9.626728243429333797e-05 0.000000000000000000e+00 0.000000000000000000e+00 0.000000000000000000e+00 0.000000000000000000e+00
5.505000000000000000e+02 1.236762256477218561e-03 0.000000000000000000e+00 0.000000000000000000e+00 -4.044692714627636632e-07 -4.341300226628104768e-05 0.000000000000000000e+00 0.000000000000000000e+00 0.000000000000000000e+00 0.000000000000000000e+00
6.005000000000000000e+02 -2.866358973865748626e-04 0.000000000000000000e+00 0.000000000000000000e+00 -4.043349248151411701e-05 -2.562747956894774882e-05 0.000000000000000000e+00 0.000000000000000000e+00 0.000000000000000000e+00 0.000000000000000000e+00
6.505000000000000000e+02 2.266032339079883818e-03 0.000000000000000000e+00 0.000000000000000000e+00 4.522426988717480952e-05 4.478463250817477971e-05 0.000000000000000000e+00 0.000000000000000000e+00 0.000000000000000000e+00 0.000000000000000000e+00
7.005000000000000000e+02 6.076063905670884245e-03 0.000000000000000000e+00 0.000000000000000000e+00 3.096351143525936369e-04 2.063824870726534946e-04 0.000000000000000000e+00 0.000000000000000000e+00 0.000000000000000000e+00 0.000000000000000000e+00
7.505000000000000000e+02 -6.003675793832901307e-03 0.000000000000000000e+00 0.000000000000000000e+00 -2.802875521784858102e-06 -1.390136008003191683e-04 0.000000000000000000e+00 0.000000000000000000e+00 0.000000000000000000e+00 0.000000000000000000e+00
8.005000000000000000e+02 5.337180001370625364e-04 0.000000000000000000e+00 0.000000000000000000e+00 7.316595698334637631e-05 -7.699822973637545525e-05 0.000000000000000000e+00 0.000000000000000000e+00 0.000000000000000000e+00 0.000000000000000000e+00
8.505000000000000000e+02 4.919964420405279794e-03 0.000000000000000000e+00 0.000000000000000000e+00 1.136807914943589276e-04 2.188652261748626920e-04 0.000000000000000000e+00 0.000000000000000000e+00 0.000000000000000000e+00 0.000000000000000000e+00
9.005000000000000000e+02 7.438660200691793629e-03 0.000000000000000000e+00 0.000000000000000000e+00 -9.963896355967856292e-06 4.192842013155529383e-05 0.000000000000000000e+00 0.000000000000000000e+00 0.000000000000000000e+00 0.000000000000000000e+00
9.505000000000000000e+02 -7.603736753007582982e-04 0.000000000000000000e+00 0.000000000000000000e+00 -3.121958748384255942e-05 -2.051320793154179085e-04 0.000000000000000000e+00 0.000000000000000000e+00 0.000000000000000000e+00 0.000000000000000000e+00
1.000500000000000000e+03 -5.132336659454041217e-03 0.000000000000000000e+00 0.000000000000000000e+00 1.279260275753188404e-05 -9.319080770468263122e-05 0.000000000000000000e+00 0.000000000000000000e+00 0.000000000000000000e+00 0.000000000000000000e+00
1.050500000000000000e+03 8.410537197529519265e-04 0.000000000000000000e+00 0.000000000000000000e+00 -3.042866599049161730e-05 -1.714052943336219178e-04 0.000000000000000000e+00 0.000000000000000000e+00 0.000000000000000000e+00 0.000000000000000000e+00
1.100500000000000000e+03 3.629602468153023728e-03 0.000000000000000000e+00 0.000000000000000000e+00 -1.207090106412075594e-05 7.004486212052948857e-06 0.000000000000000000e+00 0.000000000000000000e+00 0.000000000000000000e+00 0.000000000000000000e+00
1.150500000000000000e+03 2.015524000799364356e-03 0.000000000000000000e+00 0.000000000000000000e+00 1.187259203887020735e-04 -1.703284199506723809e-04 0.000000000000000000e+00 0.000000000000000000e+00 0.000000000000000000e+00 0.000000000000000000e+00
1.200500000000000000e+03 -3.461030993280255711e-03 0.000000000000000000e+00 0.000000000000000000e+00 1.227927182678087144e-04 -5.754843835695648579e-05 0.000000000000000000e+00 0.000000000000000000e+00 0.000000000000000000e+00 0.000000000000000000e+00
1.250500000000000000e+03 6.072958589287806748e-03 0.000000000000000000e+00 0.000000000000000000e+00 1.871847755226406149e-04 -4.523091624090286311e-05 0.000000000000000000e+00 0.000000000000000000e+00 0.000000000000000000e+00 0.000000000000000000e+00
1.300500000000000000e+03 -1.383585674413654806e-03 0.000000000000000000e+00 0.000000000000000000e+00 -6.611173673832456711e-05 -7.021191740565077772e-05 0.000000000000000000e+00 0.000000000000000000e+00 0.000000000000000000e+00 0.000000000000000000e+00
1.350500000000000000e+03 -1.789060818056563071e-02 0.000000000000000000e+00 0.000000000000000000e+00 2.126715305052979184e-04 1.160532227545547598e-04 0.000000000000000000e+00 0.000000000000000000e+00 0.000000000000000000e+00 0.000000000000000000e+00
1.400500000000000000e+03 1.021380527568451803e-02 0.000000000000000000e+00 0.000000000000000000e+00 1.581057465261132976e-04 -8.551401549613940058e-05 0.000000000000000000e+00 0.000000000000000000e+00 0.000000000000000000e+00 0.000000000000000000e+00
1.450500000000000000e+03 -8.093044179726848614e-03 0.000000000000000000e+00 0.000000000000000000e+00 -1.445381956283745743e-04 2.272818230340518215e-04 0.000000000000000000e+00 0.000000000000000000e+00 0.000000000000000000e+00 0.000000000000000000e+00
1.500500000000000000e+03 -2.503474152537181127e-03 0.000000000000000000e+00 0.000000000000000000e+00 -2.293748207375006024e-04 -1.049330165431097705e-04 0.000000000000000000e+00 0.000000000000000000e+00 0.000000000000000000e+00 0.000000000000000000e+00
1.550500000000000000e+03 -5.165876325662379677e-03 0.000000000000000000e+00 0.000000000000000000e+00 -1.034131488608185768e-04 -1.508615208522061369e-04 0.000000000000000000e+00 0.000000000000000000e+00 0.000000000000000000e+00 0.000000000000000000e+00
1.600500000000000000e+03 -8.974738218899904613e-03 0.000000000000000000e+00 0.000000000000000000e+00 -2.480335043377302037e-04 -1.816697824522863652e-04 0.000000000000000000e+00 0.000000000000000000e+00 0.000000000000000000e+00 0.000000000000000000e+00
1.650500000000000000e+03 2.902398122241666920e-03 0.000000000000000000e+00 0.000000000000000000e+00 2.255300915683809064e-04 8.537500298501143675e-05 0.000000000000000000e+00 0.000000000000000000e+00 0.000000000000000000e+00 0.000000000000000000e+00
1.700500000000000000e+03 7.494693751178034026e-03 0.000000000000000000e+00 0.000000000000000000e+00 1.209212995206264575e-04 2.437173039809372620e-05 0.000000000000000000e+00 0.000000000000000000e+00 0.000000000000000000e+00 0.000000000000000000e+00
1.750500000000000000e+03 2.962138960152241253e-04 0.000000000000000000e+00 0.000000000000000000e+00 -3.670753076505950001e-05 8.681012222490501929e-05 0.000000000000000000e+00 0.000000000000000000e+00 0.000000000000000000e+00 0.000000000000000000e+00
1.800500000000000000e+03 -3.292602167189869963e-03 0.000000000000000000e+00 0.000000000000000000e+00 -3.191840070581373578e-04 -4.306402747057423491e-04 0.000000000000000000e+00 0.000000000000000000e+00 0.000000000000000000e+00 0.000000000000000000e+00
1.850500000000000000e+03 1.698632313643065779e-03 0.000000000000000000e+00 0.000000000000000000e+00 -6.071108760704643618e-05 2.137071175102561293e-04 0.000000000000000000e+00 0.000000000000000000e+00 0.000000000000000000e+00 0.000000000000000000e+00
1.900500000000000000e+03 -4.762180651057394166e-03 0.000000000000000000e+00 0.000000000000000000e+00 1.320212212179094576e-04 4.125065429220968580e-05 0.000000000000000000e+00 0.000000000000000000e+00 0.000000000000000000e+00 0.000000000000000000e+00
1.950500000000000000e+03 -7.048776955455857314e-03 0.000000000000000000e+00 0.000000000000000000e+00 -2.598934388973898131e-04 4.101582656432779220e-04 0.000000000000000000e+00 0.000000000000000000e+00 0.000000000000000000e+00 0.000000000000000000e+00
2.000500000000000000e+03 3.325305980590935895e-03 0.000000000000000000e+00 0.000000000000000000e+00 1.447224526875205404e-04 5.595992541892873419e-05 0.000000000000000000e+00 0.000000000000000000e+00 0.000000000000000000e+00 0.000000000000000000e+00
2.075500000000000000e+03 6.529708918848222397e-05 0.000000000000000000e+00 0.000000000000000000e+00 1.697683181191828700e-04 1.074510665194471212e-04 0.000000000000000000e+00 0.000000000000000000e+00 0.000000000000000000e+00 0.000000000000000000e+00
2.175500000000000000e+03 -3.124480752795037904e-03 0.000000000000000000e+00 0.000000000000000000e+00 1.512734146083907511e-04 3.582867276902814639e-05 0.000000000000000000e+00 0.000000000000000000e+00 0.000000000000000000e+00 0.000000000000000000e+00
2.275500000000000000e+03 9.733117464215916906e-03 0.000000000000000000e+00 0.000000000000000000e+00 -4.857252252456752768e-05 2.972838801348570169e-05 0.000000000000000000e+00 0.000000000000000000e+00 0.000000000000000000e+00 0.000000000000000000e+00
2.375500000000000000e+03 4.825749581997279200e-03 0.000000000000000000e+00 0.000000000000000000e+00 1.360518232627959769e-04 1.349220254378048506e-04 0.000000000000000000e+00 0.000000000000000000e+00 0.000000000000000000e+00 0.000000000000000000e+00
2.475500000000000000e+03 4.568171873637968819e-04 0.000000000000000000e+00 0.000000000000000000e+00 1.578819501985995058e-04 -1.714115861926727741e-04 0.000000000000000000e+00 0.000000000000000000e+00 0.000000000000000000e+00 0.000000000000000000e+00
2.625500000000000000e+03 -4.702041954229348002e-03 0.000000000000000000e+00 0.000000000000000000e+00 -1.037612700653324814e-04 -2.482838401605765477e-04 0.000000000000000000e+00 0.000000000000000000e+00 0.000000000000000000e+00 0.000000000000000000e+00
2.825500000000000000e+03 4.723366483033435842e-03 0.000000000000000000e+00 0.000000000000000000e+00 -1.370380531618735966e-05 -9.036020382916988721e-05 0.000000000000000000e+00 0.000000000000000000e+00 0.000000000000000000e+00 0.000000000000000000e+00
3.025500000000000000e+03 1.066332586541529626e-02 0.000000000000000000e+00 0.000000000000000000e+00 -2.276902883736428194e-04 6.735335540519799176e-05 0.000000000000000000e+00 0.000000000000000000e+00 0.000000000000000000e+00 0.000000000000000000e+00
3.325500000000000000e+03 2.109152248703942845e-03 0.000000000000000000e+00 0.000000000000000000e+00 8.493787195668643707e-05 6.710244454439526497e-06 0.000000000000000000e+00 0.000000000000000000e+00 0.000000000000000000e+00 0.000000000000000000e+00
3.725500000000000000e+03 -5.620962739946508760e-03 0.000000000000000000e+00 0.000000000000000000e+00 5.746670438113461174e-05 1.387929749618083033e-04 0.000000000000000000e+00 0.000000000000000000e+00 0.000000000000000000e+00 0.000000000000000000e+00
4.125500000000000000e+03 3.126486158950629829e-04 0.000000000000000000e+00 0.000000000000000000e+00 -2.092304930691243220e-04 3.930685465661843862e-05 0.000000000000000000e+00 0.000000000000000000e+00 0.000000000000000000e+00 0.000000000000000000e+00
4.525500000000000000e+03 1.544562954624688084e-03 0.000000000000000000e+00 0.000000000000000000e+00 5.924138775081617367e-05 -8.439249061323107249e-05 0.000000000000000000e+00 0.000000000000000000e+00 0.000000000000000000e+00 0.000000000000000000e+00
4.925500000000000000e+03 -2.400395159939364750e-03 0.000000000000000000e+00 0.000000000000000000e+00 1.911825563043402537e-05 6.578940702363402491e-05 0.000000000000000000e+00 0.000000000000000000e+00 0.000000000000000000e+00 0.000000000000000000e+00
5.325500000000000000e+03 4.759011248682222875e-03 0.000000000000000000e+00 0.000000000000000000e+00 8.394419941756257636e-05 1.989890209205148340e-04 0.000000000000000000e+00 0.000000000000000000e+00 0.000000000000000000e+00 0.000000000000000000e+00
5.725500000000000000e+03 1.018266774258093062e-03 0.000000000000000000e+00 0.000000000000000000e+00 1.202309207161504352e-04 -9.188637949451787632e-05 0.000000000000000000e+00 0.000000000000000000e+00 0.000000000000000000e+00 0.000000000000000000e+00
6.125500000000000000e+03 3.282369467595334239e-03 0.000000000000000000e+00 0.000000000000000000e+00 -2.928334341607467486e-05 4.583495167739457915e-05 0.000000000000000000e+00 0.000000000000000000e+00 0.000000000000000000e+00 0.000000000000000000e+00
6.725500000000000000e+03 -3.132434002884366703e-03 0.000000000000000000e+00 0.000000000000000000e+00 5.663162481383929206e-05 4.879030485882807452e-05 0.000000000000000000e+00 0.000000000000000000e+00 0.000000000000000000e+00 0.000000000000000000e+00
7.525500000000000000e+03 3.618054599078271362e-04 0.000000000000000000e+00 0.000000000000000000e+00 1.205062837727738351e-04 5.393010394515830109e-05 0.000000000000000000e+00 0.000000000000000000e+00 0.000000000000000000e+00 0.000000000000000000e+00
