# l Dl_TT Dl_TE Dl_TB Dl_ET Dl_BT Dl_EE Dl_EB Dl_BE Dl_BB
6.350000000000000000e+01 2.619746499657912755e-03 0.000000000000000000e+00 0.000000000000000000e+00 3.934733926125002823e-06 -6.443583044098160454e-06 0.000000000000000000e+00 0.000000000000000000e+00 0.000000000000000000e+00 0.000000000000000000e+00
1.505000000000000000e+02 5.790611137693235481e-03 0.000000000000000000e+00 0.000000000000000000e+00 -6.215156216836090771e-06 -5.559151276926360901e-06 0.000000000000000000e+00 0.000000000000000000e+00 0.000000000000000000e+00 0.000000000000000000e+00
2.005000000000000000e+02 9.805325042165708577e-03 0.000000000000000000e+00 0.000000000000000000e+00 3.962548953921143528e-05 9.724460107585561550e-07 0.000000000000000000e+00 0.000000000000000000e+00 0.000000000000000000e+00 0.000000000000000000e+00
2.505000000000000000e+02 9.286422016905713714e-03 0.000000000000000000e+00 0.000000000000000000e+00 -8.202374500818362761e-05 1.269256105038095708e-06 0.000000000000000000e+00 0.000000000000000000e+00 0.000000000000000000e+00 0.000000000000000000e+00
3.005000000000000000e+02 1.769507858439133344e-02 0.000000000000000000e+00 0.000000000000000000e+00 2.351225232934018997e-05 6.283810457307757063e-05 0.000000000000000000e+00 0.000000000000000000e+00 0.000000000000000000e+00 0.000000000000000000e+00
3.505000000000000000e+02 1.488607235216723307e-02 0.000000000000000000e+00 0.000000000000000000e+00 5.022836305949659764e-05 1.141197224226864605e-04 0.000000000000000000e+00 0.000000000000000000e+00 0.000000000000000000e+00 0.000000000000000000e+00
4.005000000000000000e+02 1.821291294364664123e-02 0.000000000000000000e+00 0.000000000000000000e+00 1.686225545995746517e-04 -6.039786147115162776e-05 0.000000000000000000e+00 0.000000000000000000e+00 0.000000000000000000e+00 0.000000000000000000e+00
4.505000000000000000e+02 2.036383968643906694e-02 0.000000000000000000e+00 0.000000000000000000e+00 4.913467610623217194e-05 -1.656063352342475336e-04 0.000000000000000000e+00 0.000000000000000000e+00 0.000000000000000000e+00 0.000000000000000000e+00
5.005000000000000000e+02 1.348880038484689785e-02 0.000000000000000000e+00 0.000000000000000000e+00 4.824958050696787900e-05 5.156508535133570989e-06 0.000000000000000000e+00 0.000000000000000000e+00 0.000000000000000000e+00 0.000000000000000000e+00
5.505000000000000000e+02 2.625255472223367303e-02 0.000000000000000000e+00 0.000000000000000000e+00 -2.946063909041843318e-05 1.827167328591707593e-04 0.000000000000000000e+00 0.000000000000000000e+00 0.000000000000000000e+00 0.000000000000000000e+00
6.005000000000000000e+02 2.731569246206820567e-02 0.000000000000000000e+00 0.000000000000000000e+00 -1.570137464265244942e-04 1.243768665893291213e-04 0.000000000000000000e+00 0.000000000000000000e+00 0.000000000000000000e+00 0.000000000000000000e+00
6.505000000000000000e+02 2.141931448405995364e-02 0.000000000000000000e+00 0.000000000000000000e+00 -2.569565735113939651e-05 -5.174807148957766495e-05 0.000000000000000000e+00 0.000000000000000000e+00 0.000000000000000000e+00 0.000000000000000000e+00
7.005000000000000000e+02 2.393200966323810394e-02 0.000000000000000000e+00 0.000000000000000000e+00 1.820995050443879491e-04 1.217535153938722992e-04 0.000000000000000000e+00 0.000000000000000000e+00 0.000000000000000000e+00 0.000000000000000000e+00
7.505000000000000000e+02 1.687810374775889841e-02 0.000000000000000000e+00 0.000000000000000000e+00 -6.825277849608046279e-05 -7.286592018258335700e-05 0.000000000000000000e+00 0.000000000000000000e+00 0.000000000000000000e+00 0.000000000000000000e+00
8.005000000000000000e+02 3.742347198375678419e-02 0.000000000000000000e+00 0.000000000000000000e+00 -6.987371233657233731e-05 -1.193164068252924759e-05 0.000000000000000000e+00 0.000000000000000000e+00 0.000000000000000000e+00 0.000000000000000000e+00
8.505000000000000000e+02 4.477029518613287462e-02 0.000000000000000000e+00 0.000000000000000000e+00 1.576124226003398215e-04 5.284670318156416000e-05 0.000000000000000000e+00 0.000000000000000000e+00 0.000000000000000000e+00 0.000000000000000000e+00
9.005000000000000000e+02 3.500230493500740281e-02 0.000000000000000000e+00 0.000000000000000000e+00 3.041886366604538441e-05 4.271183178858565258e-05 0.000000000000000000e+00 0.000000000000000000e+00 0.000000000000000000e+00 0.000000000000000000e+00
9.505000000000000000e+02 3.136793805832342741e-02 0.000000000000000000e+00 0.000000000000000000e+00 2.023669086849842660e-04 -1.068419098942931733e-04 0.000000000000000000e+00 0.000000000000000000e+00 0.000000000000000000e+00 0.000000000000000000e+00
1.000500000000000000e+03 3.465366523201341559e-02 0.000000000000000000e+00 0.000000000000000000e+00 4.765302041341044290e-05 -3.178606556922922193e-05 0.000000000000000000e+00 0.000000000000000000e+00 0.000000000000000000e+00 0.000000000000000000e+00
1.050500000000000000e+03 3.963654922584524537e-02 0.000000000000000000e+00 0.000000000000000000e+00 4.039718376141536541e-05 -2.539714436320345350e-05 0.000000000000000000e+00 0.000000000000000000e+00 0.000000000000000000e+00 0.000000000000000000e+00
1.100500000000000000e+03 4.039863236240161248e-02 0.000000000000000000e+00 0.000000000000000000e+00 3.693044070876039015e-04 2.657332322125119536e-04 0.000000000000000000e+00 0.000000000000000000e+00 0.000000000000000000e+00 0.000000000000000000e+00
1.150500000000000000e+03 2.985611433006254284e-02 0.000000000000000000e+00 0.000000000000000000e+00 4.125307183258419331e-04 -2.499591851855146652e-04 0.000000000000000000e+00 0.000000000000000000e+00 0.000000000000000000e+00 0.000000000000000000e+00
1.200500000000000000e+03 3.175845161050768611e-02 0.000000000000000000e+00 0.000000000000000000e+00 1.823796451580442127e-04 3.125382743893718551e-05 0.000000000000000000e+00 0.000000000000000000e+00 0.000000000000000000e+00 0.000000000000000000e+00
1.250500000000000000e+03 4.495865525224498199e-02 0.000000000000000000e+00 0.000000000000000000e+00 -2.395991273791853052e-04 -2.454465988199608156e-04 0.000000000000000000e+00 0.000000000000000000e+00 0.000000000000000000e+00 0.000000000000000000e+00
1.300500000000000000e+03 5.239784604064334772e-02 0.000000000000000000e+00 0.000000000000000000e+00 -1.532760995228416424e-04 -2.351487153280977461e-04 0.000000000000000000e+00 0.000000000000000000e+00 0.000000000000000000e+00 0.000000000000000000e+00
1.350500000000000000e+03 4.564197614821707133e-02 0.000000000000000000e+00 0.000000000000000000e+00 -2.157458030266560102e-04 -1.718163919097147059e-05 0.000000000000000000e+00 0.000000000000000000e+00 0.000000000000000000e+00 0.000000000000000000e+00
1.400500000000000000e+03 3.028857674425987356e-02 0.000000000000000000e+00 0.000000000000000000e+00 -1.970019439692933096e-05 1.370387204853286498e-04 0.000000000000000000e+00 0.000000000000000000e+00 0.000000000000000000e+00 0.000000000000000000e+00
1.450500000000000000e+03 5.857427678651400127e-02 0.000000000000000000e+00 0.000000000000000000e+00 2.701617509745294059e-04 3.472036389930817845e-04 0.000000000000000000e+00 0.000000000000000000e+00 0.000000000000000000e+00 0.000000000000000000e+00
1.500500000000000000e+03 4.212914825498986077e-02 0.000000000000000000e+00 0.000000000000000000e+00 5.358862061421536927e-05 -2.525987335492071452e-04 0.000000000000000000e+00 0.000000000000000000e+00 0.000000000000000000e+00 0.000000000000000000e+00
1.550500000000000000e+03 4.902255049511156093e-02 0.000000000000000000e+00 0.000000000000000000e+00 -7.987657241797003647e-04 2.470120485347055642e-04 0.000000000000000000e+00 0.000000000000000000e+00 0.000000000000000000e+00 0.000000000000000000e+00
1.600500000000000000e+03 5.479772591612525057e-02 0.000000000000000000e+00 0.000000000000000000e+00 3.311357971288140536e-04 2.338201838274601518e-04 0.000000000000000000e+00 0.000000000000000000e+00 0.000000000000000000e+00 0.000000000000000000e+00
1.650500000000000000e+03 5.598207772042899932e-02 0.000000000000000000e+00 0.000000000000000000e+00 -9.739640465038196899e-05 5.315529667453547852e-05 0.000000000000000000e+00 0.000000000000000000e+00 0.000000000000000000e+00 0.000000000000000000e+00
1.700500000000000000e+03 5.142991283260462537e-02 0.000000000000000000e+00 0.000000000000000000e+00 1.763087550928509777e-04 -9.501563843146071712e-05 0.000000000000000000e+00 0.000000000000000000e+00 0.000000000000000000e+00 0.000000000000000000e+00
1.750500000000000000e+03 6.369506451501014133e-02 0.000000000000000000e+00 0.000000000000000000e+00 7.695636341764501955e-04 2.733670559826951508e-04 0.000000000000000000e+00 0.000000000000000000e+00 0.000000000000000000e+00 0.000000000000000000e+00
1.800500000000000000e+03 6.308704689105149033e-02 0.000000000000000000e+00 0.000000000000000000e+00 -1.810855804729817663e-04 -2.153300519720022363e-04 0.000000000000000000e+00 0.000000000000000000e+00 0.000000000000000000e+00 0.000000000000000000e+00
1.850500000000000000e+03 5.510079784061260727e-02 0.000000000000000000e+00 0.000000000000000000e+00 -3.489684196175571289e-04 3.827499726114035701e-04 0.000000000000000000e+00 0.000000000000000000e+00 0.000000000000000000e+00 0.000000000000000000e+00
1.900500000000000000e+03 6.371934294056236237e-02 0.000000000000000000e+00 0.000000000000000000e+00 6.915146782717652030e-04 -4.955852747712864454e-04 0.000000000000000000e+00 0.000000000000000000e+00 0.000000000000000000e+00 0.000000000000000000e+00
1.950500000000000000e+03 6.196293915179443279e-02 0.000000000000000000e+00 0.000000000000000000e+00 -4.749403356939947132e-04 2.936095555961852296e-04 0.000000000000000000e+00 0.000000000000000000e+00 0.000000000000000000e+00 0.000000000000000000e+00
2.000500000000000000e+03 2.051400622268097565e-02 0.000000000000000000e+00 0.000000000000000000e+00 1.957545438242917746e-04 -8.992451351457224264e-04 0.000000000000000000e+00 0.000000000000000000e+00 0.000000000000000000e+00 0.000000000000000000e+00
2.075500000000000000e+03 5.485349050736822163e-02 0.000000000000000000e+00 0.000000000000000000e+00 1.660186162151339412e-04 -1.250992739994409640e-04 0.000000000000000000e+00 0.000000000000000000e+00 0.000000000000000000e+00 0.000000000000000000e+00
2.175500000000000000e+03 6.452680621220349688e-02 0.000000000000000000e+00 0.000000000000000000e+00 -6.006082735830771792e-04 3.102573928453044986e-04 0.000000000000000000e+00 0.000000000000000000e+00 0.000000000000000000e+00 0.000000000000000000e+00
2.275500000000000000e+03 8.118948737008929717e-02 0.000000000000000000e+00 0.000000000000000000e+00 -8.284963982358372822e-05 -2.528379444839019006e-04 0.000000000000000000e+00 0.000000000000000000e+00 0.000000000000000000e+00 0.000000000000000000e+00
2.375500000000000000e+03 7.915114927296626468e-02 0.000000000000000000e+00 0.000000000000000000e+00 -2.145120993684595146e-04 -2.333621226013627434e-04 0.000000000000000000e+00 0.000000000000000000e+00 0.000000000000000000e+00 0.000000000000000000e+00
2.475500000000000000e+03 5.810137849990626435e-02 0.000000000000000000e+00 0.000000000000000000e+00 -5.653352440647408040e-08 6.656643360467829045e-04 0.000000000000000000e+00 0.000000000000000000e+00 0.000000000000000000e+00 0.000000000000000000e+00
2.625500000000000000e+03 9.637199758390244120e-02 0.000000000000000000e+00 0.000000000000000000e+00 -7.902453069680466301e-07 -3.397844556026737906e-04 0.000000000000000000e+00 0.000000000000000000e+00 0.000000000000000000e+00 0.000000000000000000e+00
2.825500000000000000e+03 9.392905249799479717e-02 0.000000000000000000e+00 0.000000000000000000e+00 7.024306752054305567e-05 -3.676147505713302341e-04 0.000000000000000000e+00 0.000000000000000000e+00 0.000000000000000000e+00 0.000000000000000000e+00
3.025500000000000000e+03 7.276572757259781865e-02 0.000000000000000000e+00 0.000000000000000000e+00 -4.975934811416473481e-05 -1.607456531708619679e-04 0.000000000000000000e+00 0.000000000000000000e+00 0.000000000000000000e+00 0.000000000000000000e+00
3.325500000000000000e+03 1.004617204777088491e-01 0.000000000000000000e+00 0.000000000000000000e+00 -6.303606996985064393e-05 -2.895619278429855769e-04 0.000000000000000000e+00 0.000000000000000000e+00 0.000000000000000000e+00 0.000000000000000000e+00
3.725500000000000000e+03 1.244779585648213976e-01 0.000000000000000000e+00 0.000000000000000000e+00 -3.661307421847647021e-04 2.185591314449094062e-04 0.000000000000000000e+00 0.000000000000000000e+00 0.000000000000000000e+00 0.000000000000000000e+00
4.125500000000000000e+03 1.095079690123182542e-01 0.000000000000000000e+00 0.000000000000000000e+00 2.806975761209910892e-05 6.259928590269148337e-04 0.000000000000000000e+00 0.000000000000000000e+00 0.000000000000000000e+00 0.000000000000000000e+00
4.525500000000000000e+03 1.574008897804550500e-01 0.000000000000000000e+00 0.000000000000000000e+00 3.890481514720202220e-04 3.784493748518249221e-04 0.000000000000000000e+00 0.000000000000000000e+00 0.000000000000000000e+00 0.000000000000000000e+00
4.925500000000000000e+03 1.982042124766852653e-01 0.000000000000000000e+00 0.000000000000000000e+00 3.814401755812497690e-04 -2.230687300687924344e-05 0.000000000000000000e+00 0.000000000000000000e+00 0.000000000000000000e+00 0.000000000000000000e+00
5.325500000000000000e+03 2.241740886824299672e-01 0.000000000000000000e+00 0.000000000000000000e+00 3.664758956332286638e-04 9.352799268736916908e-05 0.000000000000000000e+00 0.000000000000000000e+00 0.000000000000000000e+00 0.000000000000000000e+00
5.725500000000000000e+03 2.072840585107279254e-01 0.000000000000000000e+00 0.000000000000000000e+00 -2.269740018487472150e-04 2.098257858608287136e-04 0.000000000000000000e+00 0.000000000000000000e+00 0.000000000000000000e+00 0.000000000000000000e+00
6.125500000000000000e+03 2.227364277717088503e-01 0.000000000000000000e+00 0.000000000000000000e+00 -5.315283304684283085e-04 1.284971406152660264e-04 0.000000000000000000e+00 0.000000000000000000e+00 0.000000000000000000e+00 0.000000000000000000e+00
6.725500000000000000e+03 2.836029505543238849e-01 0.000000000000000000e+00 0.000000000000000000e+00 -3.688908794379425270e-04 4.592068850081752860e-04 0.000000000000000000e+00 0.000000000000000000e+00 0.000000000000000000e+00 0.000000000000000000e+00
7.525500000000000000e+03 3.360202362279846033e-01 0.000000000000000000e+00 0.000000000000000000e+00 -8.104015814836451788e-04 -3.038048661728628389e-04 0.000000000000000000e+00 0.000000000000000000e+00 0.000000000000000000e+00 0.000000000000000000e+00
