# l Dl_TT Dl_TE Dl_TB Dl_ET Dl_BT Dl_EE Dl_EB Dl_BE Dl_BB
6.350000000000000000e+01 9.508355750550628871e-02 2.430371194407034141e-02 -4.227824958404347890e-03 2.806134901385621151e-03 -7.600801511528919828e-03 9.217178089231349222e-03 -1.408513203098904574e-03 3.578235098951509019e-04 9.827647051422437607e-03
1.505000000000000000e+02 2.389375977955561590e-03 9.392922478682938069e-04 -2.728071797256792367e-04 7.074658729462132570e-04 5.906428938287284266e-04 8.613597286294965997e-04 -2.271558429087663477e-04 1.240791289282302634e-04 6.144106768591272531e-04
2.005000000000000000e+02 -3.714665209103158641e-03 -4.725793203090150434e-03 -2.073158920872436757e-03 -6.789939213922488708e-04 7.904556159246445323e-05 -5.159382885431339043e-04 -2.499131505708901109e-06 -2.031932840676353312e-04 1.403234493687857714e-05
2.505000000000000000e+02 1.355908415589023768e-03 -2.182928481206658066e-03 6.623155538147591521e-04 1.005662407247024862e-04 -6.129929816790709611e-04 -2.602614390949705824e-04 2.766815860581588464e-04 -2.782829998426381295e-04 -5.466518462043986612e-05
3.005000000000000000e+02 -1.003440113822915043e-02 -6.131225129251726205e-04 -1.356073098544165407e-03 -6.139879058548007584e-04 6.710497666216961969e-04 -3.081342024213354997e-04 4.409378082921377269e-04 -3.112749819989973107e-04 -3.225128855930972866e-04
3.505000000000000000e+02 -6.840495788444326576e-03 -1.319133014946093953e-03 -1.339013515853311681e-03 -3.971185003957775636e-04 1.107209193411192949e-05 -8.687359466450435318e-04 3.613294303088882085e-04 1.852799187280786662e-05 -7.195855716610753726e-04
4.005000000000000000e+02 -1.555547957688610712e-02 -2.106672284829292936e-03 5.273264017678371517e-04 -6.051491049598960561e-04 -2.775892040919184563e-04 -1.095414169388694110e-03 2.296032202495901220e-04 -2.061133277537707212e-04 -1.458319096049862150e-04
4.505000000000000000e+02 -9.049306189903523479e-03 -2.378258609037483054e-03 -3.220262202716167414e-03 -9.966451856506196565e-04 -3.142809276528093923e-04 -4.722025168255324199e-04 1.296684569081835083e-04 -5.900429726312502116e-04 -5.510717453339107836e-04
5.005000000000000000e+02 -7.925463040698153827e-03 -8.073537134033917199e-04 -1.313685386904368986e-03 5.430957731923083051e-04 2.351214303993900924e-04 -2.419669650192730220e-04 3.139731632803749494e-04 -2.113768168349246137e-04 -4.721219099958640780e-04
5.505000000000000000e+02 -6.476077079484344676e-03 -2.163133841650831737e-03 -2.039419108902691333e-03 -1.311511005614430314e-05 1.880855397424235722e-05 -3.646856570571260022e-04 8.274720442807071612e-05 -5.014607375142101031e-05 -4.633466304961973031e-04
6.005000000000000000e+02 -6.196097813122354407e-03 -2.374128391492646387e-04 1.755241343349292407e-03 1.593622576237245416e-04 3.354799457155585628e-04 -1.328406550570342050e-04 3.382219450349198257e-04 -2.389155358980797356e-04 -1.888388632707479467e-04
6.505000000000000000e+02 -2.458280858478854164e-03 2.888304951483483866e-04 1.564812463145813862e-03 -1.097169837715364062e-04 -5.785337003019312165e-05 -3.156659857022350250e-04 4.023974725478144803e-05 -1.367096150817589039e-04 -1.525655209001454057e-04
7.005000000000000000e+02 -1.521088161201396066e-03 -2.875259127350175670e-04 -3.635274371491215798e-04 2.484106648539667638e-04 4.313832699560007092e-05 -9.101356409090807570e-05 1.311251197678409888e-05 -1.983844325996637903e-04 -1.018380187468639615e-04
7.505000000000000000e+02 7.495824870007457676e-04 4.889804036108776812e-05 8.152470374976067543e-04 -7.753469582609992506e-05 -8.970437510345234818e-05 -4.801620852437320304e-06 1.269874969836388761e-04 -4.300384970415308905e-05 6.017148993794763762e-05
8.005000000000000000e+02 -5.406178857849254071e-04 -1.602984031856708467e-04 -2.708783828141061024e-04 1.456371259370295239e-04 1.253225653176021689e-04 -1.503412728627696777e-05 1.597256099078173043e-05 -1.097859809365968635e-04 1.100396838994016466e-05
8.505000000000000000e+02 -3.877775016618706383e-04 2.199656116623216484e-04 -1.396100628715919115e-04 6.159027771900596633e-05 3.111219794990789238e-05 -6.968822100897293726e-05 3.162959825482157555e-05 -3.954021766245941074e-05 -4.553950489758441995e-05
9.005000000000000000e+02 6.416050474166451077e-04 -2.213287678770960751e-04 1.867411879453096312e-04 -4.370569425582221981e-05 -5.231080225555289573e-05 -7.104411050749396314e-05 -7.413708250837149683e-06 1.789396183942328298e-05 -1.504704353220122203e-05
9.505000000000000000e+02 9.538731332031091803e-04 8.310930445046034595e-05 2.866970516841576416e-04 3.758785781144702174e-05 1.558493683302277730e-05 1.854827170608871527e-05 6.666646825118940969e-06 1.442097256534002950e-06 -5.112470299537370610e-05
1.000500000000000000e+03 -5.862253600532233528e-04 -4.858533981695566367e-04 1.036947933732917460e-04 -5.044882042258762262e-05 7.520655506528895852e-06 -2.459676607855709664e-05 6.197766332918357981e-05 -2.567100090185234906e-05 -4.610918429442215929e-05
1.050500000000000000e+03 -8.693890930502409407e-04 -4.621473346459606195e-04 3.222128030893738624e-04 -1.020562998390821925e-04 4.026908057718118854e-05 -4.873808141118522719e-05 3.970783970164114409e-05 -2.022080566817249258e-06 -4.587190740407360093e-05
1.100500000000000000e+03 -3.666069276280499553e-04 4.306309132917765037e-04 6.048155197807279825e-04 -8.837614901901619778e-05 3.050581416457844085e-05 -4.818996632029526302e-06 3.593319180693214816e-06 -1.450530603088281576e-05 -4.384045358819758101e-05
1.150500000000000000e+03 -1.235560043943451005e-03 -3.286783097862773051e-04 -5.772754370114450891e-05 -4.044631122343785495e-05 2.472464764179667251e-06 -1.081849774455121089e-04 1.812475396224388297e-05 8.240540308698904060e-06 -1.435893731916896214e-05
1.200500000000000000e+03 -5.615877101447573454e-04 9.270932350623336068e-06 2.021669387737662317e-04 -1.300395366711213675e-04 8.383198906239222625e-05 -5.577575363419927704e-05 -1.932714506564361999e-05 8.322509277124555375e-06 -2.517533146736516785e-05
1.250500000000000000e+03 -6.727498967110266594e-04 -1.630616185723852247e-04 -2.286540021810288322e-04 2.207173630305667839e-05 7.900570146501813111e-05 -2.058248878597508078e-05 3.967810077035516990e-05 6.897245227015604949e-07 -1.177963979205925014e-05
1.300500000000000000e+03 3.277130023564085639e-04 -1.962264734020491167e-04 -1.262974405859965739e-04 -1.192332760660010106e-05 -2.563083900422368438e-05 1.350299269514579174e-05 1.438455818895844895e-05 -2.259093088652484322e-06 -1.283947705444210169e-06
1.350500000000000000e+03 -5.361497139230504303e-04 -8.979375548052632191e-05 -1.689801227737516398e-04 -2.390203017932276478e-05 5.268585556749144102e-05 -2.415617536992024282e-05 -1.270055916821479666e-05 -8.354179242250113025e-06 -1.641824293542442300e-05
1.400500000000000000e+03 -3.499249865112917025e-04 2.068888508714130563e-04 -5.049655064804917028e-05 8.287118298170206951e-05 -8.001178629084590665e-06 -3.520091392407631223e-05 -7.644874402505173373e-06 2.646642247624634279e-05 -6.827367629386190536e-06
1.450500000000000000e+03 -2.622803947123095386e-04 5.241863749544302961e-05 -2.157898316425117769e-04 -2.465072624430713845e-06 3.049303698011674739e-05 2.653277459946590811e-05 4.580303458185933529e-06 -1.246705511072275589e-05 -4.072344649008227517e-05
1.500500000000000000e+03 -3.128956088624885762e-04 -9.468878460389338323e-05 1.178404452321180025e-04 7.115938647787796749e-05 7.128608855555825332e-05 2.257209678043179286e-05 2.875111786550015581e-05 2.691858939823375139e-06 9.041523571527808057e-06
1.550500000000000000e+03 3.779417399815384660e-04 1.139518814070577938e-04 -7.644668473540415293e-05 2.120503291898953992e-05 -5.415949333988170888e-06 2.787773241471021932e-06 -3.366389505224756290e-07 -4.619326185994067601e-05 4.280817525969592363e-06
1.600500000000000000e+03 -1.391545424114521822e-04 -1.840462974710561014e-05 7.711498670270361302e-05 1.519903785879003481e-05 3.552888786928748676e-05 -1.129889304253621495e-07 -7.585772831046607654e-06 -5.482508546975001099e-07 1.299263939968943506e-05
1.650500000000000000e+03 -4.573843824621200632e-05 -7.225211624821173905e-05 8.117677433386284117e-05 -3.245674065915218285e-05 1.695781694685199819e-05 -2.350545427351719591e-05 -1.027700204725092710e-05 -2.037872244708608906e-05 1.969411018375386634e-05
1.700500000000000000e+03 -1.576239826435361935e-04 7.629329034256731310e-05 7.564285398656457474e-05 -5.732258081783698632e-05 1.185430724187904874e-05 -1.264140967214370691e-05 7.307131567740508117e-06 1.657934462065698448e-05 -1.088036542516299994e-05
1.750500000000000000e+03 1.685799504693422557e-04 1.483952579119812460e-04 -7.173257246050758999e-06 5.184249262087952123e-06 -6.547105729916876205e-06 3.605943723324783309e-06 -2.808839959556169697e-05 -1.838896052547320966e-05 -6.196694235219021385e-06
1.800500000000000000e+03 2.042215022297314713e-04 1.653598650217708607e-04 1.108155954557731481e-05 1.417913068577574807e-05 -1.946001804090279676e-05 -1.781865899684827944e-06 1.848005539117001303e-05 -1.143035952888534256e-06 -8.137739931598087566e-06
1.850500000000000000e+03 -5.016302288159763862e-05 1.995737062660740276e-05 -2.983033938431971704e-06 1.355332228789551919e-05 -5.897708193526649992e-07 1.845307903908717268e-05 1.481479165587960976e-06 -2.507799553218752945e-06 -5.277278260769955257e-06
1.900500000000000000e+03 -5.927826437533591767e-05 -9.806702158449785559e-05 9.633091829466134814e-05 -2.587570882757956049e-05 4.051588794818006926e-06 -2.190990027410834399e-05 1.189010501954986624e-05 9.280322183284028364e-06 1.467799108649951054e-05
1.950500000000000000e+03 1.961971952300383857e-04 6.647621407236065475e-06 -3.518179928631880643e-05 2.046825708692661820e-05 1.063915701505528770e-05 1.574853416191072030e-05 -1.110047252027819539e-05 -4.795568812625573039e-06 1.448351452705929673e-05
2.000500000000000000e+03 3.198137139991901845e-04 9.034981989982922117e-06 1.106660032740875785e-05 4.969686296242729282e-05 -1.113335834357726754e-05 -1.415767471827182894e-05 1.442812119743623859e-05 1.745596413381602820e-06 4.594792738081228082e-06
2.075500000000000000e+03 4.718994153997583900e-05 -3.749491446550121755e-05 3.848876616630728253e-06 -2.601157032999714620e-05 8.696309538607605261e-06 -1.648705086231471586e-05 -1.833499554706986184e-06 -7.657587398616668347e-06 -1.302578503142025062e-05
2.175500000000000000e+03 9.311860175988854007e-05 -3.384469305353414811e-05 -2.979777414276156561e-05 -2.547215401717210968e-06 3.079964496506611051e-07 4.371509859211766567e-06 -1.682374048913583378e-05 6.323226380694555430e-06 -4.091063296758764007e-07
2.275500000000000000e+03 1.992552698051225683e-04 1.563643701927773072e-05 -5.849457882710235057e-05 6.233526402542814677e-06 -1.428088579029242399e-05 6.239960713449895275e-06 -1.181758779219912127e-06 -5.597824757379994146e-06 -1.316051783547961805e-06
2.375500000000000000e+03 1.704554343619828173e-04 3.819204463529406678e-05 -9.593808389133179023e-05 1.145771631072238748e-05 1.652555941136202278e-05 -9.725044261261640431e-06 -7.069843083806886930e-07 5.048952965122835678e-06 -5.314411098583004008e-06
2.475500000000000000e+03 2.845099177945749412e-04 1.041060853816647941e-05 2.795798372092733850e-05 1.206983733846357029e-06 1.340660818168730670e-05 1.379416896870033963e-05 9.352542161612004782e-06 4.687050691516745100e-07 4.936981022101324089e-06
2.625500000000000000e+03 -8.920831999843868354e-06 9.027782124990157103e-07 -1.741480846354985610e-05 -4.548629228839292436e-06 7.708788877136498499e-06 2.825263232541907439e-06 -2.003896928603433065e-07 -4.198541490740609543e-08 5.670011193217365357e-07
2.825500000000000000e+03 -8.433603344378188312e-05 6.859071860098732800e-05 2.544706902089846195e-05 -1.704073457274934443e-05 -1.093184143459288944e-06 3.295166453988583571e-06 -1.105008142651191839e-06 -3.813894740420063970e-06 -5.711977222354886761e-06
3.025500000000000000e+03 1.348613218212533029e-04 4.311173610213678563e-06 -4.236044474378568444e-05 -8.080999208365138213e-07 8.082237791097500126e-06 2.558610712393032871e-06 -1.192668045445261811e-05 -3.666658608420397452e-06 -2.311161051118922848e-06
3.325500000000000000e+03 2.137396845210196345e-05 2.839244984436131060e-05 -9.382936444244948423e-06 1.180317491562052499e-05 -1.365814213463529789e-06 -7.783203247291979138e-07 -6.189649974902142829e-07 6.125807585468680225e-07 -8.227688699345258673e-07
3.725500000000000000e+03 5.325216381813493793e-05 -1.097131339015891690e-05 -8.618092142414660950e-06 5.059291296685935511e-06 -5.337672878840440518e-07 -1.093906874007234848e-07 1.288517879460689979e-06 -1.896434809465193694e-07 1.933023610381732921e-07
4.125500000000000000e+03 3.440695779651858579e-05 2.145028611178992977e-05 1.331384642233600141e-05 4.460027317371837680e-06 -4.656964570861640096e-07 3.479871423616073868e-06 1.274945794887367975e-06 -2.414463402961184231e-07 -5.117613158072756330e-07
4.525500000000000000e+03 -4.152796939193186493e-06 -5.906940202962691985e-06 -1.933094280673024608e-06 7.210126279752755578e-07 2.783402467919757560e-06 2.533673550420534245e-07 -4.375319819737292905e-07 6.582685383592843984e-07 1.487215300170601696e-06
4.925500000000000000e+03 -3.468022376461332198e-07 -8.242155419955181697e-07 -7.372069275825758590e-06 -2.019991766044637126e-07 4.952065174826728372e-06 -1.580015268246812851e-08 -2.741795282234927326e-07 9.932370414374275655e-08 1.574807899449138909e-06
5.325500000000000000e+03 -2.533675177526920942e-05 1.674507922739820471e-05 1.097677970062500458e-06 -7.849360568870171638e-07 2.269097757604797009e-06 -1.744355341393913173e-06 1.478157650363227839e-06 -1.239188840575206411e-06 6.366175317883350821e-07
5.725500000000000000e+03 1.376033966964647842e-05 2.438237083297877937e-06 1.939981040533677660e-06 2.669106849383545791e-07 2.327462728595974559e-06 -2.548899499298218539e-06 9.729210006996311957e-07 1.709904964071786611e-07 1.268399611173039693e-06
6.125500000000000000e+03 -6.948857558103271173e-06 1.668825124792286423e-05 3.611419065383547396e-06 -3.606577448457884809e-08 -1.271371332368885174e-06 7.000346051580679198e-07 8.436680308554032582e-07 6.073888669348493565e-07 6.910089822819328036e-07
6.725500000000000000e+03 7.370007521497351724e-06 7.251275901949164016e-06 1.681035687831220161e-06 1.032964348262885731e-06 -1.465569803291482077e-06 9.690605855397417036e-07 5.059684257729864135e-07 -3.406292214490784258e-07 2.355353542804590524e-07
7.525500000000000000e+03 -5.177507480292914590e-07 1.176858712074383526e-06 3.845040621293243972e-06 1.275227897081335716e-07 -6.265181601155907452e-07 -1.554378783918971143e-06 6.241227728453814214e-08 2.265553057109819733e-08 -6.274124015160169505e-08
