# l Dl_TT Dl_TE Dl_TB Dl_ET Dl_BT Dl_EE Dl_EB Dl_BE Dl_BB
6.350000000000000000e+01 4.608396982501004012e-03 1.073362653602013109e-08 -8.177125375167914394e-06 -2.662674445785105929e-07 -6.861437984462256163e-06 3.365026682126472168e-06 -4.253899813105729913e-08 -5.425318167923170786e-08 3.291835594544445805e-06
1.505000000000000000e+02 1.884864673255266451e-02 5.281818708968968927e-06 7.069772971654455719e-06 6.157893296692526704e-06 5.626314344547656109e-06 1.421046436719093283e-05 2.068824999475145561e-07 1.389688225002793586e-07 1.482802767991460022e-05
2.005000000000000000e+02 3.457027606141756942e-02 1.877636517399087873e-06 -1.772807989847848242e-05 -1.275443388717024400e-07 -1.309959222361399996e-05 2.541693436076273351e-05 2.426450982347355124e-07 2.754161413016706167e-07 2.455829178634237289e-05
2.505000000000000000e+02 5.356988399020454206e-02 -2.347685479556255363e-06 4.604933525843683472e-07 -7.623947158572299651e-06 9.953728162111676606e-06 3.894859196308638534e-05 -1.906585165203099772e-07 5.008564834915733344e-08 3.818260783218939462e-05
3.005000000000000000e+02 7.529426737263060498e-02 -1.641424488217498544e-05 -1.333501710886216353e-05 -2.137211054541954340e-05 -2.083568301361059084e-05 5.563716054741748559e-05 5.115307624267073393e-07 7.480789343549361170e-08 5.680082589536265678e-05
3.505000000000000000e+02 1.026514138847959834e-01 -2.441936189939523859e-05 8.265361113594132161e-06 -2.068982152992517444e-05 2.423289428946232544e-05 7.678643741582028665e-05 3.507127171354408373e-07 6.686776488299905063e-07 7.641789042583795879e-05
4.005000000000000000e+02 1.343983627697148131e-01 8.862547541592335050e-06 -9.918182969778495826e-06 7.452670726124657551e-06 1.269290969970878254e-05 9.764005384027297238e-05 1.144705719496330092e-06 2.122914304940973392e-06 9.728653278333478744e-05
4.505000000000000000e+02 1.686886845786110811e-01 7.219950667774036360e-05 1.522580680928361671e-05 6.402332759198382003e-05 2.093849657087037250e-05 1.265922580649498589e-04 -9.034318488368818040e-07 -1.455688528542761125e-06 1.253715641917300537e-04
5.005000000000000000e+02 2.049021516517629538e-01 -1.288435613613568803e-04 -8.976600341103200317e-05 -1.321828073386186494e-04 -6.632438508129176154e-05 1.561722828826888124e-04 8.248190063047928856e-07 6.367622689631657310e-07 1.533868957811678412e-04
5.505000000000000000e+02 2.547051389551490130e-01 9.698096370858080495e-06 -7.507424305799168169e-05 4.267902384316342841e-05 -6.046074341933541021e-05 1.884091353670041776e-04 -3.228531273689178965e-06 -2.572471277182457494e-06 1.869727992000669769e-04
6.005000000000000000e+02 3.026724282523756693e-01 -3.255524969506984632e-05 -4.110005365282651501e-05 -6.844511276934448038e-05 -4.775304183567743435e-05 2.256904906164191433e-04 -1.539406279039645000e-06 -7.917924298925540280e-07 2.256810480497943507e-04
6.505000000000000000e+02 3.522101676387388580e-01 7.059440336400586773e-06 1.256172223462116602e-04 -2.496276313368533529e-06 1.594934701787434318e-04 2.608607579604869291e-04 -1.741530139484410657e-06 -8.236377017110833193e-07 2.600250642273181168e-04
7.005000000000000000e+02 4.070161465801543921e-01 -9.443427058139954174e-05 6.403346649096552739e-05 -6.707533394590822968e-05 4.904156202088984256e-05 3.067916652575772675e-04 -1.527797388981595629e-07 -7.631585543235979871e-07 3.032974872625632040e-04
7.505000000000000000e+02 4.679267765564810722e-01 -2.367446635934367875e-04 3.970016551108354006e-05 -1.931410064174313103e-04 4.927519722164976280e-05 3.510712615995202580e-04 -2.956642317356590572e-06 -3.121693063376465530e-06 3.481476053340361375e-04
8.005000000000000000e+02 5.257348071801783984e-01 -1.253322397614451799e-04 -9.268135705988158279e-05 -1.671697487149394646e-04 -8.440265834457881284e-05 4.024613326381489128e-04 -1.583304255039462444e-06 -1.429266323552818530e-06 3.916084159204633215e-04
8.505000000000000000e+02 5.865702031878755607e-01 5.911779919668957723e-05 9.394629582947138440e-06 7.231042706408711445e-05 1.394510008719843325e-05 4.451440013336004585e-04 -3.854370632807506082e-08 6.774863975481569152e-07 4.515135396504171383e-04
9.005000000000000000e+02 6.713254586350158037e-01 8.046353590829807671e-05 1.485703857666088922e-04 2.146808684859835599e-05 1.550365555208587222e-04 4.997534232851632381e-04 -6.978863354762507584e-06 -5.701967773263226168e-06 4.972634729428440257e-04
9.505000000000000000e+02 7.397257091010972507e-01 -7.014417311613280919e-05 7.474454690051826828e-05 -5.954448182072014003e-05 7.937444696593628417e-05 5.558115284020809016e-04 2.866672237527605806e-06 3.568446051281176693e-06 5.566924683385598982e-04
1.000500000000000000e+03 8.167343461084946021e-01 -1.019275206597080170e-04 -1.051026650172874648e-04 -6.327188766685984151e-05 -1.193567945230895324e-04 6.265237246480032021e-04 2.510932345289488209e-06 2.898137612242032362e-06 6.220071210087227322e-04
1.050500000000000000e+03 9.035160278175368154e-01 1.788869404190729720e-04 -9.399887798647149335e-05 1.349380875059170916e-04 -8.709751349071632011e-05 6.750214189547299988e-04 3.519273067491652381e-06 3.304703143340918014e-06 6.877895371511145604e-04
1.100500000000000000e+03 9.934943137276637248e-01 4.927836582196418381e-05 -2.470906372374800897e-05 -3.351295372757125634e-05 3.064227809621690126e-05 7.447397000463289694e-04 7.640400367290174746e-06 6.311228726516839221e-06 7.332593294538028829e-04
1.150500000000000000e+03 1.068560476991227137e+00 -9.521273811362096018e-05 2.167545090122402539e-04 2.289883253368042940e-05 1.841235521955158062e-04 8.211459446117682671e-04 -6.035347272448179538e-06 -6.932653751464237766e-06 8.095830457254052370e-04
1.200500000000000000e+03 1.179038176284188832e+00 -9.485164267951455000e-05 -3.905855956859242137e-05 -6.483972254745648468e-05 -6.067111698499939453e-05 8.821965075203236405e-04 -5.190500034348193667e-06 -4.558125714363558747e-06 8.830668954169808554e-04
1.250500000000000000e+03 1.278637014678350337e+00 2.711142788975294537e-05 -5.449451471837643161e-05 9.627019574339704816e-05 5.366862328201958525e-05 9.698549815045350107e-04 -4.215824685377129576e-06 -1.373113202749804854e-06 9.644815070173311114e-04
1.300500000000000000e+03 1.394816408463671831e+00 -2.616440826825119914e-04 -2.017037589638464852e-05 -2.269493895913089732e-04 -6.880587445589864506e-05 1.035155846522388488e-03 1.120100204387811132e-05 1.313446007809794540e-05 1.034770092694397041e-03
1.350500000000000000e+03 1.503942112692426170e+00 -1.780037052772910058e-04 1.304533628871644294e-04 -1.406528679781939115e-04 1.456729144678252320e-04 1.117760793787042585e-03 2.071764009550633505e-05 2.124270808792241394e-05 1.122525128444422501e-03
1.400500000000000000e+03 1.636517026695595511e+00 -6.604666562579219013e-06 6.478035775365645430e-04 -8.212903160582398204e-05 6.886256465512886372e-04 1.208801195194345946e-03 5.373536157227657961e-06 1.208303465861496997e-06 1.220173906049071017e-03
1.450500000000000000e+03 1.710485995233983036e+00 -1.433542482226902559e-04 -2.594656941429476673e-05 -1.187420891488723214e-04 -2.309853833922678149e-05 1.298285555242047803e-03 -5.915252067838691167e-06 -5.672829865760415724e-06 1.298125154440226683e-03
1.500500000000000000e+03 1.848021898133677343e+00 -3.669697803707700141e-05 3.885592317168834920e-04 8.759459757067576474e-05 4.548168575762091327e-04 1.379226802503302849e-03 1.341799899373568131e-05 1.447250719631945189e-05 1.367307310417026616e-03
1.550500000000000000e+03 1.952001202899231513e+00 -5.150941634119738245e-05 -1.490055998955199380e-04 -1.774337873952866202e-04 -8.032190570626086346e-05 1.481114596222428154e-03 1.362822021840605075e-06 1.364193998914133454e-06 1.497810241763737095e-03
1.600500000000000000e+03 2.124098672791767672e+00 -2.043939695073201891e-04 3.191486650406507512e-04 -3.361837072177109782e-04 2.853203552319276263e-04 1.590795079651161851e-03 1.080759101343197408e-05 1.284144323431115111e-05 1.585981741772094031e-03
1.650500000000000000e+03 2.264725514964499364e+00 1.639308650493121139e-04 3.297103040794096955e-04 2.022665645142950280e-04 2.386664264787086121e-04 1.666455850132268247e-03 3.711121365029696369e-06 4.398564262674414273e-06 1.683800937095367937e-03
1.700500000000000000e+03 2.358381159494661095e+00 -2.968356187491730052e-04 1.772768161524855481e-04 -2.942715113707036778e-04 2.743356668436402112e-04 1.782864012588447969e-03 -3.396483786984125924e-09 1.663792062075279484e-06 1.764164860741306278e-03
1.750500000000000000e+03 2.523643829805548577e+00 -1.702505938076658443e-04 3.608248058797793988e-04 -9.544625895390043083e-05 4.341043353546479035e-04 1.885580795641504052e-03 2.350156210984338318e-05 2.117985838585546642e-05 1.903429774291865752e-03
1.800500000000000000e+03 2.676815143530978602e+00 1.457698265739177945e-05 1.389390397856496071e-04 -5.875838383343410083e-05 1.671574282919659920e-04 1.958242791482573721e-03 -2.869579988498510501e-06 -4.140048675501155330e-06 2.043656535105618267e-03
1.850500000000000000e+03 2.781124689025872510e+00 -7.094704129867740602e-05 4.087861311004901228e-04 -6.543747141073088960e-05 3.031558105117788341e-04 2.112945127363148427e-03 -1.851846167307166747e-05 -1.900956839546612804e-05 2.119561464156084936e-03
1.900500000000000000e+03 2.956881594026655069e+00 -4.302901497596356298e-04 -2.317837727667710376e-04 -3.217454098466021486e-04 -9.217863143150812461e-05 2.246802250222121235e-03 5.841529049000735776e-06 2.659018914457889575e-06 2.256656055948839425e-03
1.950500000000000000e+03 3.107532863689610902e+00 3.536447189985344477e-04 6.375177641706733424e-04 4.412951604508833425e-04 5.296619521810548787e-04 2.352184746716523469e-03 3.752696483319247704e-06 1.050830096331416287e-05 2.362323108053086818e-03
2.000500000000000000e+03 3.282941929099306932e+00 -6.602430818694295577e-04 4.312875794777707057e-04 -4.311376721816875379e-04 2.942592050236677507e-04 2.489586018801351764e-03 -7.284360676788331186e-07 9.514814048212546691e-07 2.475392974312477356e-03
2.075500000000000000e+03 3.553376653922740491e+00 1.302647740387886022e-04 1.577463295186520874e-04 1.247811189630200956e-04 2.770664820999254035e-05 2.659941014761689568e-03 1.691682266557202922e-05 1.361112503592992050e-05 2.657128166954966265e-03
2.175500000000000000e+03 3.863702439377551645e+00 4.436998582192824055e-04 -1.444847848368828352e-05 5.028245739095018674e-04 9.681349280041161561e-06 2.902150993805086010e-03 -2.481939837972832897e-06 -3.095389373710773226e-06 2.932779383034079656e-03
2.275500000000000000e+03 4.279352153191836372e+00 -9.744980540633122780e-04 -1.093705373248397784e-04 -1.004863939708038533e-03 -9.241270756049287138e-05 3.178297527789966312e-03 3.554584995268569707e-06 4.643245391968830230e-06 3.198631202644894745e-03
2.375500000000000000e+03 4.654077766856568488e+00 5.709757530484717660e-05 -5.329912622694241891e-04 8.659456553510047773e-06 -3.473461334471851644e-04 3.486905387137246952e-03 -1.579923349865302220e-05 -1.409216925575278815e-05 3.490550963913336552e-03
2.475500000000000000e+03 5.034357493267792805e+00 -3.218560303973294861e-04 -2.665085481411636338e-04 -1.894455879758396200e-04 -2.625824730924026292e-04 3.795976977107129967e-03 5.466544624723074941e-06 3.926848642588869466e-06 3.757756349060706672e-03
2.625500000000000000e+03 5.664938102224159167e+00 6.940568898492576984e-05 -1.332099793703195344e-04 5.264487244011250346e-05 -6.621396424345435351e-05 4.274945802619472233e-03 -1.199262454692451196e-05 -1.470802024004380450e-05 4.234689125443467927e-03
2.825500000000000000e+03 6.544176852435112046e+00 8.330456999944095813e-04 -4.106116287119228173e-04 7.205148349757054460e-04 -3.251720650926525507e-04 4.949838413753915485e-03 -8.166648738386997770e-06 -1.005558995970784724e-05 4.937889457056582679e-03
3.025500000000000000e+03 7.478399253949471692e+00 -5.784501422473613437e-04 -7.502699802579624981e-04 -5.452985372719265427e-04 -6.356576608392074416e-04 5.621664431542673299e-03 4.460233742835690208e-06 2.925477068120421423e-06 5.626202831043063644e-03
3.325500000000000000e+03 9.047688406519236892e+00 2.919845985378722751e-04 -5.839550694868253533e-05 2.849747786827953400e-04 3.265006341888643547e-05 6.847887778244045147e-03 -1.098044138434820267e-05 -1.318563816710495890e-05 6.830260563440318164e-03
3.725500000000000000e+03 1.136529995730915310e+01 -7.819702165938980862e-04 1.249871676837569499e-04 -6.482000183675322479e-04 1.913196210876456850e-04 8.551798914647584446e-03 -7.503194608740109790e-06 -1.003536735619844907e-05 8.562486433762896490e-03
4.125500000000000000e+03 1.396442831309765253e+01 4.725188604477333055e-04 -3.398637597469193836e-04 4.457735659791418653e-04 -6.295388450356027062e-05 1.050690759327430578e-02 -1.310212822453996845e-05 -1.394670719649198477e-05 1.050478231769875689e-02
4.525500000000000000e+03 1.678659997128366399e+01 -2.290825451055829862e-04 -8.253677535448580502e-04 -3.452600375996015035e-04 -7.620644841007995001e-04 1.264616539100599235e-02 -5.972342104684151719e-06 -4.815341595645070104e-07 1.265681727272079116e-02
4.925500000000000000e+03 1.987524101548976674e+01 -3.666345271850295854e-04 -1.076646580517041289e-04 -2.907106658516648342e-04 -3.715117869342890005e-05 1.496110484244615735e-02 -2.954118908674870065e-05 -3.280685702600295091e-05 1.495069086157095606e-02
5.325500000000000000e+03 2.313126302046728000e+01 -7.148254377165266403e-04 -5.919866738429881018e-04 -3.877506377755919609e-04 -3.786372982151768639e-04 1.751532247510346682e-02 -1.890470042495092988e-06 -3.368404945870883123e-06 1.751459813967765414e-02
5.725500000000000000e+03 2.682335138251500339e+01 -4.194323594358345762e-04 4.602693910587912730e-04 -4.491697184011933736e-04 4.963595453591211799e-04 2.021072166003131873e-02 1.866903294502570012e-06 1.103548945654069535e-05 2.023449339183494566e-02
6.125500000000000000e+03 3.069454076112704399e+01 -7.979201747468733612e-04 -1.741897997896349384e-03 -5.380901718104067963e-04 -2.088992568882019202e-03 2.311221132024704819e-02 -1.646194249100931309e-05 -1.301384335385624004e-05 2.314258901480416297e-02
6.725500000000000000e+03 3.696680625970489587e+01 1.154391125181686035e-03 -7.885129454493131334e-04 9.550928519993308373e-04 -7.215936485234775155e-04 2.791021611541815925e-02 -9.303372733080946942e-07 -3.007990790914491165e-06 2.797000511122498326e-02
7.525500000000000000e+03 4.631025789672351323e+01 1.168715569864966705e-03 8.088504790015540883e-04 8.583589091105192160e-04 4.906186200698912231e-04 3.491906780353484785e-02 -4.680058533029770538e-05 -4.926258365237685971e-05 3.491257397357870607e-02
