# l Dl_TT Dl_TE Dl_TB Dl_ET Dl_BT Dl_EE Dl_EB Dl_BE Dl_BB
6.350000000000000000e+01 3.601571331327015457e+01 9.493607695471477648e-01 -2.285944957309920811e-01 1.004356948260128890e+00 -1.718461239507216021e-01 4.120354063916618625e-01 -2.838223848199863258e-02 -2.832125584854315245e-02 2.615567231374666401e-01
1.505000000000000000e+02 1.726875274135441529e+01 2.561571805085351428e-01 -7.531527062481024881e-02 2.601771519620565964e-01 -7.696897808373727445e-02 2.012363773845758930e-01 -2.750910295426043945e-03 -2.154654289658440667e-03 1.283661466864796652e-01
2.005000000000000000e+02 1.200332985964537791e+01 1.694919979760116102e-01 -8.385384677861950882e-04 1.694010449787087258e-01 -1.117762504897202832e-03 1.649235375137428072e-01 5.339317228857482119e-03 5.507943336450395709e-03 9.794515083557399360e-02
2.505000000000000000e+02 1.131427634192926845e+01 2.274044944623659636e-01 4.166577401343720538e-02 2.180329725701777577e-01 3.902388329723507215e-02 1.535510138645616585e-01 -2.342837756583433068e-04 -7.259461957682797253e-04 8.551338898139050626e-02
3.005000000000000000e+02 9.329740928757997764e+00 2.384075137186970061e-01 2.467693944373898496e-02 2.336064663707568267e-01 2.973456817539501390e-02 1.395471205826982475e-01 6.030221371691967674e-03 6.337994825745091668e-03 8.543209277462184004e-02
3.505000000000000000e+02 8.267140840768497867e+00 1.923686444950256091e-01 3.188015124406334833e-03 1.965396790583367748e-01 9.193529339728135144e-03 1.241503586096458500e-01 3.722834590377240103e-03 3.555598436885585960e-03 7.121735919376714907e-02
4.005000000000000000e+02 6.505904302870731293e+00 1.728312069331380540e-01 -3.820746658485161401e-02 1.705901226229932510e-01 -3.515023023469769636e-02 1.082588977655264267e-01 -2.138413910123275388e-04 -1.894851725445736870e-04 6.527078511798380112e-02
4.505000000000000000e+02 6.438524893170028740e+00 1.357254376967823306e-01 -2.645847443720128131e-02 1.356987026794676532e-01 -2.177019892297576281e-02 1.128063620015135327e-01 9.552274908448661703e-04 1.141072642575983662e-03 5.458971670767168854e-02
5.005000000000000000e+02 5.449444150339005866e+00 1.952060674463677037e-01 -1.406700063409887895e-02 1.986529894320586132e-01 -1.721801998424244556e-02 1.071667416964073999e-01 -1.279102528134168186e-03 -1.062081222504157769e-03 5.383727766146904209e-02
5.505000000000000000e+02 5.426850760146853858e+00 1.560222052223844136e-01 -2.305395647523392905e-02 1.612914507891387572e-01 -2.837850537955218660e-02 9.848035548168750097e-02 -1.472163440920431533e-03 -1.688203988916493932e-03 5.540131847903527473e-02
6.005000000000000000e+02 5.362755555568233135e+00 1.667537721042726129e-01 1.915795075113100807e-02 1.682343968432084835e-01 2.146747841980783597e-02 9.760053505401790341e-02 1.009996126813841313e-03 1.162077830886164200e-03 5.336815668243419936e-02
6.505000000000000000e+02 5.128359960686750263e+00 1.504857308065956634e-01 -8.008438860150379410e-03 1.509507831579620374e-01 -1.191824156554260189e-02 9.397963513115004108e-02 -8.200149458675532127e-04 -6.155783811760018754e-04 5.224836812972206979e-02
7.005000000000000000e+02 5.247121126798628410e+00 1.337366038194668372e-01 3.386025483888400675e-03 1.336551280508212480e-01 4.150529136839597837e-03 9.342463333866703190e-02 1.772175974854957141e-03 1.668144175940787207e-03 4.973201876999702731e-02
7.505000000000000000e+02 4.966440278328738245e+00 1.284737054379520571e-01 -2.621411594032370309e-03 1.291953162263657084e-01 5.623174138810598530e-04 9.061676268953039459e-02 -3.130365286102771761e-04 -1.450231233173747143e-04 4.789992955802542529e-02
8.005000000000000000e+02 4.740210227834747769e+00 1.243810060297735887e-01 -2.460615457143542836e-03 1.251058956802234556e-01 -4.511592559903701452e-04 8.533817131523402377e-02 8.335757980816024598e-04 8.780889113695577964e-04 4.442833793670016018e-02
8.505000000000000000e+02 4.474832611303626528e+00 1.315429644373754259e-01 6.998154011145818129e-03 1.299737025717803418e-01 4.804574469258604888e-03 8.549313146409319442e-02 1.079723974315886993e-04 -1.228715387517753253e-04 4.510557698773760144e-02
9.005000000000000000e+02 4.361525223086704095e+00 1.241818771266103849e-01 -7.397406185236632924e-04 1.234130059222918879e-01 6.817153677448743211e-04 7.908579998734731331e-02 5.682408037379407659e-05 7.594753137544184036e-05 4.295608954921783379e-02
9.505000000000000000e+02 4.097121990936615887e+00 1.189821261302161648e-01 6.562554768508025403e-03 1.187845914194605307e-01 7.292796225729136599e-03 7.951769993337076681e-02 5.219533078342843439e-04 7.420451575468865486e-04 4.079052416381455382e-02
1.000500000000000000e+03 3.914418084803833242e+00 1.198137005119825071e-01 -7.582184999549438286e-04 1.172996840856577599e-01 -2.488560498460506282e-03 7.795751032677454562e-02 -5.989415295982723243e-04 -4.904364058716555305e-04 3.841484568948647094e-02
1.050500000000000000e+03 3.776907529989864454e+00 1.219186481742788736e-01 -9.420059127318951980e-03 1.216895687314079183e-01 -1.083370212444762989e-02 7.630485849474845372e-02 1.180303120386975730e-03 1.100823400054142280e-03 3.882825578132586414e-02
1.100500000000000000e+03 3.728047431831901903e+00 1.174309277505248550e-01 -4.117800892929172896e-03 1.154784855030276530e-01 -5.019981785200275208e-03 7.416769420646278366e-02 -6.623706608635509651e-04 -5.920219643975307760e-04 3.823989150892745381e-02
1.150500000000000000e+03 3.579206759977453078e+00 1.154855557590390991e-01 -2.899531297333749532e-03 1.169981449867869422e-01 -4.190831422348152008e-03 7.408521000154175140e-02 -4.763199752885104383e-04 -3.398812316610282992e-04 3.724551029764922722e-02
1.200500000000000000e+03 3.412129345437665329e+00 1.133178302531486492e-01 -6.805116773754810167e-03 1.139589692410314797e-01 -6.771043873826165099e-03 7.264055319296622293e-02 -8.072092602580847528e-04 -6.907243254896682947e-04 3.654644118933433883e-02
1.250500000000000000e+03 3.349471690472917818e+00 1.100859290756467795e-01 -4.051919058987748894e-04 1.098156437047238393e-01 4.425786943645403700e-04 7.076985670943762574e-02 1.342056386758342718e-05 2.265185394546673467e-06 3.594287546768271807e-02
1.300500000000000000e+03 3.311276881516858506e+00 1.077833237848349890e-01 -3.524791582548174405e-03 1.062101683382086909e-01 -5.333022149780178474e-03 7.015794902182480308e-02 2.378180227529642183e-04 2.726801426997667961e-04 3.454517023887147126e-02
1.350500000000000000e+03 3.194882854455029175e+00 1.024519908089009113e-01 4.560906630221411829e-04 1.014079927881609694e-01 -1.496310017206303701e-03 7.082301554293275736e-02 -1.328959198460103223e-04 -1.505086443884896602e-04 3.394823807196505755e-02
1.400500000000000000e+03 3.139694784556689378e+00 1.033722581390660034e-01 -4.824135164279068984e-04 1.031208298514484367e-01 1.580720897224478175e-03 6.853289180808987135e-02 -2.779066863215235036e-04 -2.643323702395177443e-04 3.397835012909000002e-02
1.450500000000000000e+03 3.070128171835255770e+00 9.987970240961452362e-02 3.042606151655025126e-03 1.014473174938282096e-01 2.335357926583211778e-03 6.686991475512631122e-02 -1.105916858604035174e-04 -2.857417905925046373e-05 3.306938128761920809e-02
1.500500000000000000e+03 3.087360138976655399e+00 1.026393200994775573e-01 1.028834556544494473e-03 1.022802740030949453e-01 3.529848406261800603e-03 6.582529486365720772e-02 5.904712936552068865e-04 4.582497489068763290e-04 3.234198777026250915e-02
1.550500000000000000e+03 2.952221677744469197e+00 9.385306871023718633e-02 4.817298776657660299e-03 9.683973252151190092e-02 5.530014384929362453e-03 6.379916765560617042e-02 1.366314555661563457e-04 1.620320261864949176e-04 3.226344406852535429e-02
1.600500000000000000e+03 2.863855140471800009e+00 9.363671751110561048e-02 1.227467032079165377e-03 9.380258450603841391e-02 1.883755908391351918e-03 6.406596765335166588e-02 -1.715707924620290344e-04 -2.188306781282884847e-04 3.056518760487292666e-02
1.650500000000000000e+03 2.866121000687228193e+00 9.651250249581894147e-02 -1.364660565123813375e-03 9.822946955498890187e-02 -1.995988927788098707e-03 6.200554725420923813e-02 -1.386757802200045667e-04 -2.026811332749050480e-04 3.041790175609327893e-02
1.700500000000000000e+03 2.779395052116045317e+00 9.190126893480587977e-02 -2.960584580849130992e-03 8.880203760320110051e-02 -3.931585303474016344e-03 6.191791784620599010e-02 -7.880297735417981478e-05 -9.328496401823780553e-05 2.948483169395541698e-02
1.750500000000000000e+03 2.736398568286692701e+00 8.876072843556913339e-02 4.955619747706018494e-04 8.870523731981365401e-02 1.680245626491458670e-03 6.113899723178078949e-02 -4.246225165910788753e-04 -2.462209213858306532e-04 2.923762177799047596e-02
1.800500000000000000e+03 2.727349672820967186e+00 8.853861356694187057e-02 -9.847160148479625497e-04 8.927558745910581239e-02 -1.643228361059291781e-04 6.178258345341901964e-02 -2.372192060145798733e-04 -1.341726095429721154e-04 2.896590273040286490e-02
1.850500000000000000e+03 2.656438666871886678e+00 8.831302175060198878e-02 -1.639929396811823890e-03 8.726954087645372171e-02 -2.576691878065018142e-03 6.121361667093871278e-02 -2.243429151745754868e-04 -5.707741254049962092e-05 2.886726319950103786e-02
1.900500000000000000e+03 2.586852173465893134e+00 8.560221049827979045e-02 -1.267663214079759707e-04 8.326582320522092628e-02 1.174893603622916612e-03 5.890968789280187634e-02 -1.518120428679039450e-04 -1.839146316687974292e-04 2.869329101082393127e-02
1.950500000000000000e+03 2.531041706956560944e+00 8.177068654340156895e-02 -1.628508601434137167e-04 8.021236837331915948e-02 1.266924296819698162e-03 5.970435157926161363e-02 4.176267909883036266e-05 4.467818360662368082e-05 2.747983296175496998e-02
2.000500000000000000e+03 2.523647835174024134e+00 8.211823998973612204e-02 1.407890499011850470e-03 8.340249446584775683e-02 5.188138962951967205e-04 5.789862673706919205e-02 2.719468248540459214e-04 3.684490024719687244e-04 2.727581553450983062e-02
2.075500000000000000e+03 2.456140354367305711e+00 8.481202513825937539e-02 1.641567134142133408e-03 8.489181325025692282e-02 1.459143289920566489e-03 5.640410617949959821e-02 2.906098074985311985e-04 3.486385605279455294e-04 2.646191799289063229e-02
2.175500000000000000e+03 2.417628070908494298e+00 8.233995596065458999e-02 2.202122982427686879e-03 8.172106366884737683e-02 3.342231781932330711e-03 5.441148606093167833e-02 6.586128982043526806e-05 9.925488697829775732e-05 2.552281443197194910e-02
2.275500000000000000e+03 2.307364766017146795e+00 8.123390545903345916e-02 5.182957883372983241e-04 8.151407328153355281e-02 -3.913266257684581018e-04 5.201025517016341637e-02 -6.381772148916291753e-05 -1.254616667912936720e-04 2.465468828875359147e-02
2.375500000000000000e+03 2.247630296364524050e+00 7.912605134880554281e-02 -1.828854860194860420e-03 7.991896328390955817e-02 -2.288237422555424935e-03 5.072062869108411726e-02 -2.516222886388242244e-04 -2.187643720955194978e-04 2.398186542182895523e-02
2.475500000000000000e+03 2.206462535978560346e+00 7.804417414927670993e-02 -1.265150079563218902e-03 7.696729759089451783e-02 -5.182985373611498706e-04 4.881061421435588243e-02 -1.819132090364066514e-05 -6.922959353182993715e-05 2.317633428713580801e-02
2.625500000000000000e+03 2.132428270116272895e+00 7.607569577173123321e-02 -1.148720079312353986e-03 7.546995375866857869e-02 -8.500697034809747083e-04 4.710887278514434146e-02 -7.307706775381319035e-06 -1.280539626140127437e-05 2.238445355818993385e-02
2.825500000000000000e+03 2.029367268122687751e+00 7.196914618228145155e-02 7.102968851836248760e-04 7.155646632895745762e-02 3.065512839318128074e-04 4.408464965661314933e-02 1.844225302378907621e-04 1.945768425913498435e-04 2.100424861122042117e-02
3.025500000000000000e+03 1.958050427866208532e+00 6.987374854239003508e-02 1.225845978356474323e-04 7.005021247500310688e-02 -2.747074444984844583e-05 4.190540397023016783e-02 -1.068975077184298019e-04 -1.204701251070978214e-04 1.989653034644698476e-02
3.325500000000000000e+03 1.865962879278649789e+00 6.691090402210152221e-02 -6.131690240855560293e-04 6.735932402341651692e-02 -4.578365096531927889e-04 3.895154819067736529e-02 -3.888135004560003228e-05 -2.929514786515483634e-05 1.855143200297675737e-02
3.725500000000000000e+03 1.744422871818005039e+00 6.271135510402389701e-02 -3.324323231267956296e-04 6.257224502266164889e-02 -3.916605490055114630e-04 3.567877317792229885e-02 -5.012056702551511816e-05 -4.489844533058697114e-05 1.699557610637446314e-02
4.125500000000000000e+03 1.647593138156445036e+00 5.897785621116214544e-02 -2.841135884178060253e-04 5.902920756831688681e-02 -2.100398473119964712e-04 3.283054749969631370e-02 -4.607395324872847831e-05 -5.175181127565997937e-05 1.571636540612614957e-02
4.525500000000000000e+03 1.569602669368766135e+00 5.728803022579675996e-02 -3.573032788115965358e-04 5.737169227822232209e-02 -5.056559291726813246e-04 3.066669996592976538e-02 -3.049582347736476694e-05 -3.900555136057803337e-05 1.467123291668195363e-02
4.925500000000000000e+03 1.521924839354775072e+00 5.490004933984783675e-02 2.485448554849130093e-04 5.550112213551353091e-02 3.749031025811426347e-04 2.874105101129664427e-02 -1.133918986812919358e-05 -1.158539884216906598e-05 1.378016434759762356e-02
5.325500000000000000e+03 1.453716588349945660e+00 5.249799422828992784e-02 -2.453895112587985801e-04 5.194511249121056690e-02 -1.603571221000652436e-04 2.713443607553819512e-02 -4.944254965594119667e-05 -3.920868688607188050e-05 1.301654092749740706e-02
5.725500000000000000e+03 1.400701216281539097e+00 5.096235011686905958e-02 -2.606722894912945842e-04 5.078433193124318873e-02 -4.770548081789613925e-04 2.557753638068040875e-02 -2.863397359315118608e-05 -2.017467741090130589e-05 1.232461697946223705e-02
6.125500000000000000e+03 1.358552356850973197e+00 4.972094800375973650e-02 1.229790019004153205e-04 4.946810014145043566e-02 1.163154772939916834e-04 2.438430177878525562e-02 6.004392957943060973e-05 5.698759119326312847e-05 1.172431358408689006e-02
6.725500000000000000e+03 1.305770467323857265e+00 4.726736558008096112e-02 -2.097536636130643167e-04 4.737267710885002814e-02 -3.759822481730319492e-04 2.268265465127819458e-02 -6.397798955148846231e-06 -4.038530945841882437e-06 1.095797317265340999e-02
7.525500000000000000e+03 1.245717486998853873e+00 4.465435478777104311e-02 -2.971449028240447988e-04 4.487956177137039648e-02 -3.845117349096004384e-04 2.075379209342312348e-02 -8.491122015267300548e-06 -5.199868042663884816e-06 1.011971995185388488e-02
