# l Dl_TT Dl_TE Dl_TB Dl_ET Dl_BT Dl_EE Dl_EB Dl_BE Dl_BB
6.350000000000000000e+01 -2.332788184268625884e-04 0.000000000000000000e+00 0.000000000000000000e+00 -1.485095690420247405e-05 1.949914868142006237e-06 0.000000000000000000e+00 0.000000000000000000e+00 0.000000000000000000e+00 0.000000000000000000e+00
1.505000000000000000e+02 -1.247182380421301123e-03 0.000000000000000000e+00 0.000000000000000000e+00 3.318986403292038307e-05 -5.511701600031214664e-05 0.000000000000000000e+00 0.000000000000000000e+00 0.000000000000000000e+00 0.000000000000000000e+00
2.005000000000000000e+02 -2.670645909019472354e-04 0.000000000000000000e+00 0.000000000000000000e+00 1.447795750911094527e-05 1.236253434390952065e-04 0.000000000000000000e+00 0.000000000000000000e+00 0.000000000000000000e+00 0.000000000000000000e+00
2.505000000000000000e+02 3.799322250344574440e-03 0.000000000000000000e+00 0.000000000000000000e+00 6.680933124105094918e-05 -1.654364299006304273e-05 0.000000000000000000e+00 0.000000000000000000e+00 0.000000000000000000e+00 0.000000000000000000e+00
3.005000000000000000e+02 -2.957469489187423105e-03 0.000000000000000000e+00 0.000000000000000000e+00 -1.017328661261273970e-04 8.504341551987339739e-05 0.000000000000000000e+00 0.000000000000000000e+00 0.000000000000000000e+00 0.000000000000000000e+00
3.505000000000000000e+02 1.227331552649123768e-02 0.000000000000000000e+00 0.000000000000000000e+00 -1.631931167074162473e-05 -1.094933909192624861e-04 0.000000000000000000e+00 0.000000000000000000e+00 0.000000000000000000e+00 0.000000000000000000e+00
4.005000000000000000e+02 6.966578467531759147e-03 0.000000000000000000e+00 0.000000000000000000e+00 2.312005245097254835e-04 -2.433282294079123294e-04 0.000000000000000000e+00 0.000000000000000000e+00 0.000000000000000000e+00 0.000000000000000000e+00
4.505000000000000000e+02 -2.814753723016660564e-04 0.000000000000000000e+00 0.000000000000000000e+00 -3.831134824412084860e-04 7.364640162619427962e-06 0.000000000000000000e+00 0.000000000000000000e+00 0.000000000000000000e+00 0.000000000000000000e+00
5.005000000000000000e+02 -4.085368145753455124e-03 0.000000000000000000e+00 0.000000000000000000e+00 1.298511529215627967e-05 -2.311394360923806014e-04 0.000000000000000000e+00 0.000000000000000000e+00 0.000000000000000000e+00 0.000000000000000000e+00
5.505000000000000000e+02 7.409150141015505460e-03 0.000000000000000000e+00 0.000000000000000000e+00 -7.731941353352178017e-05 -7.723187053869231351e-05 0.000000000000000000e+00 0.000000000000000000e+00 0.000000000000000000e+00 0.000000000000000000e+00
6.005000000000000000e+02 -3.859908893718866710e-03 0.000000000000000000e+00 0.000000000000000000e+00 -1.322879380629201501e-04 -9.005643418845362986e-05 0.000000000000000000e+00 0.000000000000000000e+00 0.000000000000000000e+00 0.000000000000000000e+00
6.505000000000000000e+02 5.646348076659868376e-03 0.000000000000000000e+00 0.000000000000000000e+00 4.642287131595817644e-05 1.529349639858417766e-04 0.000000000000000000e+00 0.000000000000000000e+00 0.000000000000000000e+00 0.000000000000000000e+00
7.005000000000000000e+02 1.733631922426303804e-02 0.000000000000000000e+00 0.000000000000000000e+00 8.124985054663871019e-04 5.538436702326622737e-04 0.000000000000000000e+00 0.000000000000000000e+00 0.000000000000000000e+00 0.000000000000000000e+00
7.505000000000000000e+02 -1.718105906945135292e-02 0.000000000000000000e+00 0.000000000000000000e+00 -5.457692094717573889e-05 -3.091408010013222481e-04 0.000000000000000000e+00 0.000000000000000000e+00 0.000000000000000000e+00 0.000000000000000000e+00
8.005000000000000000e+02 -2.622235845263831675e-05 0.000000000000000000e+00 0.000000000000000000e+00 2.045053145689734980e-04 -2.112461263486797858e-04 0.000000000000000000e+00 0.000000000000000000e+00 0.000000000000000000e+00 0.000000000000000000e+00
8.505000000000000000e+02 1.429672678942477820e-02 0.000000000000000000e+00 0.000000000000000000e+00 2.995340832752208752e-04 4.770525624802500388e-04 0.000000000000000000e+00 0.000000000000000000e+00 0.000000000000000000e+00 0.000000000000000000e+00
9.005000000000000000e+02 1.777001848580066906e-02 0.000000000000000000e+00 0.000000000000000000e+00 -6.461711034545078902e-05 2.657785002810576173e-04 0.000000000000000000e+00 0.000000000000000000e+00 0.000000000000000000e+00 0.000000000000000000e+00
9.505000000000000000e+02 -4.559573122400865409e-03 0.000000000000000000e+00 0.000000000000000000e+00 -2.593620031952460981e-06 -6.412547467587629635e-04 0.000000000000000000e+00 0.000000000000000000e+00 0.000000000000000000e+00 0.000000000000000000e+00
1.000500000000000000e+03 -1.131774268607502014e-02 0.000000000000000000e+00 0.000000000000000000e+00 -2.036312858758385679e-05 -1.655359690797097007e-04 0.000000000000000000e+00 0.000000000000000000e+00 0.000000000000000000e+00 0.000000000000000000e+00
1.050500000000000000e+03 4.137353240208942878e-03 0.000000000000000000e+00 0.000000000000000000e+00 -1.114311375252230050e-04 -4.701304383924565867e-04 0.000000000000000000e+00 0.000000000000000000e+00 0.000000000000000000e+00 0.000000000000000000e+00
1.100500000000000000e+03 9.935186419714310546e-03 0.000000000000000000e+00 0.000000000000000000e+00 4.150131715460552394e-05 -8.513741936732833408e-05 0.000000000000000000e+00 0.000000000000000000e+00 0.000000000000000000e+00 0.000000000000000000e+00
1.150500000000000000e+03 8.986605701891758197e-03 0.000000000000000000e+00 0.000000000000000000e+00 2.425590166841937601e-04 -4.274782414896935467e-04 0.000000000000000000e+00 0.000000000000000000e+00 0.000000000000000000e+00 0.000000000000000000e+00
1.200500000000000000e+03 -7.566814923818070485e-03 0.000000000000000000e+00 0.000000000000000000e+00 3.281472196120997060e-04 -1.676035554125295001e-04 0.000000000000000000e+00 0.000000000000000000e+00 0.000000000000000000e+00 0.000000000000000000e+00
1.250500000000000000e+03 1.744210259696034326e-02 0.000000000000000000e+00 0.000000000000000000e+00 5.350470514929856316e-04 -2.045450717047056911e-04 0.000000000000000000e+00 0.000000000000000000e+00 0.000000000000000000e+00 0.000000000000000000e+00
1.300500000000000000e+03 1.764423253538406839e-03 0.000000000000000000e+00 0.000000000000000000e+00 -8.784666484071930112e-05 -2.183132328889817353e-04 0.000000000000000000e+00 0.000000000000000000e+00 0.000000000000000000e+00 0.000000000000000000e+00
1.350500000000000000e+03 -4.481100103681551206e-02 0.000000000000000000e+00 0.000000000000000000e+00 5.540729917494600790e-04 1.078843900510825506e-04 0.000000000000000000e+00 0.000000000000000000e+00 0.000000000000000000e+00 0.000000000000000000e+00
1.400500000000000000e+03 2.606912840025015290e-02 0.000000000000000000e+00 0.000000000000000000e+00 4.048776826784664844e-04 -1.419739695045599574e-04 0.000000000000000000e+00 0.000000000000000000e+00 0.000000000000000000e+00 0.000000000000000000e+00
1.450500000000000000e+03 -2.220451021296016708e-02 0.000000000000000000e+00 0.000000000000000000e+00 -2.830963934723332081e-04 6.986432042678550032e-04 0.000000000000000000e+00 0.000000000000000000e+00 0.000000000000000000e+00 0.000000000000000000e+00
1.500500000000000000e+03 -5.950461215720931395e-05 0.000000000000000000e+00 0.000000000000000000e+00 -6.125148577270189514e-04 -4.993293481246669678e-04 0.000000000000000000e+00 0.000000000000000000e+00 0.000000000000000000e+00 0.000000000000000000e+00
1.550500000000000000e+03 -1.519560061945465952e-02 0.000000000000000000e+00 0.000000000000000000e+00 -1.513042710723665933e-04 -3.706060617670247585e-04 0.000000000000000000e+00 0.000000000000000000e+00 0.000000000000000000e+00 0.000000000000000000e+00
1.600500000000000000e+03 -2.578559158442350965e-02 0.000000000000000000e+00 0.000000000000000000e+00 -6.798083265946877705e-04 -3.321048520512507392e-04 0.000000000000000000e+00 0.000000000000000000e+00 0.000000000000000000e+00 0.000000000000000000e+00
1.650500000000000000e+03 1.769303247099871012e-03 0.000000000000000000e+00 0.000000000000000000e+00 3.948352613701819097e-04 1.811735173486036491e-04 0.000000000000000000e+00 0.000000000000000000e+00 0.000000000000000000e+00 0.000000000000000000e+00
1.700500000000000000e+03 2.006903220139163307e-02 0.000000000000000000e+00 0.000000000000000000e+00 2.504879312219112438e-04 -1.108138321915229622e-05 0.000000000000000000e+00 0.000000000000000000e+00 0.000000000000000000e+00 0.000000000000000000e+00
1.750500000000000000e+03 1.666870502836075279e-03 0.000000000000000000e+00 0.000000000000000000e+00 -1.288374756326333222e-04 2.528814143194866443e-04 0.000000000000000000e+00 0.000000000000000000e+00 0.000000000000000000e+00 0.000000000000000000e+00
1.800500000000000000e+03 -6.809300427276339211e-03 0.000000000000000000e+00 0.000000000000000000e+00 -7.642427480136804478e-04 -1.071104210773199481e-03 0.000000000000000000e+00 0.000000000000000000e+00 0.000000000000000000e+00 0.000000000000000000e+00
1.850500000000000000e+03 1.832728352507889734e-04 0.000000000000000000e+00 0.000000000000000000e+00 -2.301620374392550480e-04 3.499008693746360229e-04 0.000000000000000000e+00 0.000000000000000000e+00 0.000000000000000000e+00 0.000000000000000000e+00
1.900500000000000000e+03 -1.904339836678081710e-02 0.000000000000000000e+00 0.000000000000000000e+00 4.165122878714199654e-04 3.576172071628554616e-04 0.000000000000000000e+00 0.000000000000000000e+00 0.000000000000000000e+00 0.000000000000000000e+00
1.950500000000000000e+03 -1.121617183194005898e-02 0.000000000000000000e+00 0.000000000000000000e+00 -7.500802972678619930e-04 1.067487597742739413e-03 0.000000000000000000e+00 0.000000000000000000e+00 0.000000000000000000e+00 0.000000000000000000e+00
2.000500000000000000e+03 1.747267264510266385e-02 0.000000000000000000e+00 0.000000000000000000e+00 5.010836293890472137e-04 3.222723931747106373e-04 0.000000000000000000e+00 0.000000000000000000e+00 0.000000000000000000e+00 0.000000000000000000e+00
2.075500000000000000e+03 -1.297769146904177457e-03 0.000000000000000000e+00 0.000000000000000000e+00 4.689507461875761798e-04 2.343930527824544092e-04 0.000000000000000000e+00 0.000000000000000000e+00 0.000000000000000000e+00 0.000000000000000000e+00
2.175500000000000000e+03 -5.988259863806890716e-03 0.000000000000000000e+00 0.000000000000000000e+00 3.706932495308405532e-04 1.023185106946247915e-04 0.000000000000000000e+00 0.000000000000000000e+00 0.000000000000000000e+00 0.000000000000000000e+00
2.275500000000000000e+03 2.681655063905453648e-02 0.000000000000000000e+00 0.000000000000000000e+00 -2.691255040114455305e-04 -4.909998949847608823e-05 0.000000000000000000e+00 0.000000000000000000e+00 0.000000000000000000e+00 0.000000000000000000e+00
2.375500000000000000e+03 1.105989050912361930e-02 0.000000000000000000e+00 0.000000000000000000e+00 3.321085658716115712e-04 2.614387703612378673e-04 0.000000000000000000e+00 0.000000000000000000e+00 0.000000000000000000e+00 0.000000000000000000e+00
2.475500000000000000e+03 5.129435714791619021e-03 0.000000000000000000e+00 0.000000000000000000e+00 4.076831639330300667e-04 -5.030554381052932279e-04 0.000000000000000000e+00 0.000000000000000000e+00 0.000000000000000000e+00 0.000000000000000000e+00
2.625500000000000000e+03 -1.107268022578587578e-02 0.000000000000000000e+00 0.000000000000000000e+00 -3.110434297404562703e-04 -5.805793894334656310e-04 0.000000000000000000e+00 0.000000000000000000e+00 0.000000000000000000e+00 0.000000000000000000e+00
2.825500000000000000e+03 1.249105568789331266e-02 0.000000000000000000e+00 0.000000000000000000e+00 9.623546710636781592e-05 -2.383878737170097453e-04 0.000000000000000000e+00 0.000000000000000000e+00 0.000000000000000000e+00 0.000000000000000000e+00
3.025500000000000000e+03 2.786576540878981864e-02 0.000000000000000000e+00 0.000000000000000000e+00 -6.047283467363150219e-04 1.420841469371372117e-04 0.000000000000000000e+00 0.000000000000000000e+00 0.000000000000000000e+00 0.000000000000000000e+00
3.325500000000000000e+03 3.731240896460155491e-03 0.000000000000000000e+00 0.000000000000000000e+00 2.279571881662468115e-04 6.329473195054307928e-06 0.000000000000000000e+00 0.000000000000000000e+00 0.000000000000000000e+00 0.000000000000000000e+00
3.725500000000000000e+03 -1.325607003430097700e-02 0.000000000000000000e+00 0.000000000000000000e+00 1.019412971344776182e-04 3.704809606727699754e-04 0.000000000000000000e+00 0.000000000000000000e+00 0.000000000000000000e+00 0.000000000000000000e+00
4.125500000000000000e+03 1.579610793560294688e-03 0.000000000000000000e+00 0.000000000000000000e+00 -5.058251165795114553e-04 9.800270037187808854e-05 0.000000000000000000e+00 0.000000000000000000e+00 0.000000000000000000e+00 0.000000000000000000e+00
4.525500000000000000e+03 2.021162381430783184e-03 0.000000000000000000e+00 0.000000000000000000e+00 2.845187180902541317e-04 -2.239595912506104573e-04 0.000000000000000000e+00 0.000000000000000000e+00 0.000000000000000000e+00 0.000000000000000000e+00
4.925500000000000000e+03 -7.846628490965177824e-03 0.000000000000000000e+00 0.000000000000000000e+00 9.913952336857546161e-05 2.099971841522484518e-04 0.000000000000000000e+00 0.000000000000000000e+00 0.000000000000000000e+00 0.000000000000000000e+00
5.325500000000000000e+03 1.138492540168556909e-02 0.000000000000000000e+00 0.000000000000000000e+00 2.123594745116217991e-04 5.797745905282580435e-04 0.000000000000000000e+00 0.000000000000000000e+00 0.000000000000000000e+00 0.000000000000000000e+00
5.725500000000000000e+03 5.077331575696235506e-03 0.000000000000000000e+00 0.000000000000000000e+00 3.224591121114244027e-04 -1.771261888376636842e-04 0.000000000000000000e+00 0.000000000000000000e+00 0.000000000000000000e+00 0.000000000000000000e+00
6.125500000000000000e+03 8.247882710490601899e-03 0.000000000000000000e+00 0.000000000000000000e+00 9.777184480860498855e-06 1.239301468882832353e-04 0.000000000000000000e+00 0.000000000000000000e+00 0.000000000000000000e+00 0.000000000000000000e+00
6.725500000000000000e+03 -4.704823103041488007e-03 0.000000000000000000e+00 0.000000000000000000e+00 1.626571807906691900e-04 1.426155924365209995e-04 0.000000000000000000e+00 0.000000000000000000e+00 0.000000000000000000e+00 0.000000000000000000e+00
7.525500000000000000e+03 3.426659381697659892e-03 0.000000000000000000e+00 0.000000000000000000e+00 3.428817318858792254e-04 1.364970839507225852e-04 0.000000000000000000e+00 0.000000000000000000e+00 0.000000000000000000e+00 0.000000000000000000e+00
