# l Dl_TT Dl_TE Dl_TB Dl_ET Dl_BT Dl_EE Dl_EB Dl_BE Dl_BB
6.350000000000000000e+01 5.944396936219136949e-04 0.000000000000000000e+00 0.000000000000000000e+00 1.727944132208693467e-06 -1.772601531995780746e-06 0.000000000000000000e+00 0.000000000000000000e+00 0.000000000000000000e+00 0.000000000000000000e+00
1.505000000000000000e+02 1.219907152617529184e-03 0.000000000000000000e+00 0.000000000000000000e+00 -4.927468024500671741e-06 -1.339461266865951578e-06 0.000000000000000000e+00 0.000000000000000000e+00 0.000000000000000000e+00 0.000000000000000000e+00
2.005000000000000000e+02 2.055021153673704595e-03 0.000000000000000000e+00 0.000000000000000000e+00 1.135610680402881787e-05 5.644700632110915045e-07 0.000000000000000000e+00 0.000000000000000000e+00 0.000000000000000000e+00 0.000000000000000000e+00
2.505000000000000000e+02 2.045947768926687296e-03 0.000000000000000000e+00 0.000000000000000000e+00 -2.325341291043518904e-05 1.346165798995718087e-06 0.000000000000000000e+00 0.000000000000000000e+00 0.000000000000000000e+00 0.000000000000000000e+00
3.005000000000000000e+02 3.823516621001556929e-03 0.000000000000000000e+00 0.000000000000000000e+00 1.318850641797926401e-05 1.651516481018034847e-05 0.000000000000000000e+00 0.000000000000000000e+00 0.000000000000000000e+00 0.000000000000000000e+00
3.505000000000000000e+02 2.993641995738752747e-03 0.000000000000000000e+00 0.000000000000000000e+00 1.071224884894444837e-05 2.433238843210226200e-05 0.000000000000000000e+00 0.000000000000000000e+00 0.000000000000000000e+00 0.000000000000000000e+00
4.005000000000000000e+02 4.386284503155543114e-03 0.000000000000000000e+00 0.000000000000000000e+00 4.105959146852532882e-05 -1.499794035705089797e-05 0.000000000000000000e+00 0.000000000000000000e+00 0.000000000000000000e+00 0.000000000000000000e+00
4.505000000000000000e+02 4.587234194798268591e-03 0.000000000000000000e+00 0.000000000000000000e+00 1.495182796934881480e-05 -3.741638374601765797e-05 0.000000000000000000e+00 0.000000000000000000e+00 0.000000000000000000e+00 0.000000000000000000e+00
5.005000000000000000e+02 2.563189156951351660e-03 0.000000000000000000e+00 0.000000000000000000e+00 6.285872702479874346e-06 -3.227684975062937356e-06 0.000000000000000000e+00 0.000000000000000000e+00 0.000000000000000000e+00 0.000000000000000000e+00
5.505000000000000000e+02 5.133901498499373467e-03 0.000000000000000000e+00 0.000000000000000000e+00 -2.180535126993114395e-05 4.191343153217817898e-05 0.000000000000000000e+00 0.000000000000000000e+00 0.000000000000000000e+00 0.000000000000000000e+00
6.005000000000000000e+02 5.483173309395612469e-03 0.000000000000000000e+00 0.000000000000000000e+00 -2.989762261986394888e-05 3.590648557423798196e-05 0.000000000000000000e+00 0.000000000000000000e+00 0.000000000000000000e+00 0.000000000000000000e+00
6.505000000000000000e+02 4.481026134135893298e-03 0.000000000000000000e+00 0.000000000000000000e+00 -1.346696278883389556e-05 -1.510509483283429051e-05 0.000000000000000000e+00 0.000000000000000000e+00 0.000000000000000000e+00 0.000000000000000000e+00
7.005000000000000000e+02 5.651208694690167816e-03 0.000000000000000000e+00 0.000000000000000000e+00 3.251836259827944154e-05 3.844424654029048163e-05 0.000000000000000000e+00 0.000000000000000000e+00 0.000000000000000000e+00 0.000000000000000000e+00
7.505000000000000000e+02 3.179642275378612593e-03 0.000000000000000000e+00 0.000000000000000000e+00 -7.869572380509851341e-06 5.823535284351267004e-06 0.000000000000000000e+00 0.000000000000000000e+00 0.000000000000000000e+00 0.000000000000000000e+00
8.005000000000000000e+02 7.951045426655220169e-03 0.000000000000000000e+00 0.000000000000000000e+00 -4.112487799199743234e-05 -5.041329257217260619e-06 0.000000000000000000e+00 0.000000000000000000e+00 0.000000000000000000e+00 0.000000000000000000e+00
8.505000000000000000e+02 9.507807859024872132e-03 0.000000000000000000e+00 0.000000000000000000e+00 4.161990409424853139e-05 1.272969159694224101e-05 0.000000000000000000e+00 0.000000000000000000e+00 0.000000000000000000e+00 0.000000000000000000e+00
9.005000000000000000e+02 8.328697274313236545e-03 0.000000000000000000e+00 0.000000000000000000e+00 2.373210512135765925e-05 1.149829796747634298e-05 0.000000000000000000e+00 0.000000000000000000e+00 0.000000000000000000e+00 0.000000000000000000e+00
9.505000000000000000e+02 6.356361950592354440e-03 0.000000000000000000e+00 0.000000000000000000e+00 4.446160335386270079e-05 -5.472278941631865244e-05 0.000000000000000000e+00 0.000000000000000000e+00 0.000000000000000000e+00 0.000000000000000000e+00
1.000500000000000000e+03 8.049203585080952003e-03 0.000000000000000000e+00 0.000000000000000000e+00 1.726385887559937322e-06 5.295497823846204333e-07 0.000000000000000000e+00 0.000000000000000000e+00 0.000000000000000000e+00 0.000000000000000000e+00
1.050500000000000000e+03 8.261223995528962916e-03 0.000000000000000000e+00 0.000000000000000000e+00 -1.346429821606291790e-06 1.017603620349615103e-05 0.000000000000000000e+00 0.000000000000000000e+00 0.000000000000000000e+00 0.000000000000000000e+00
1.100500000000000000e+03 7.849205141129959873e-03 0.000000000000000000e+00 0.000000000000000000e+00 1.034343383504111511e-04 1.002056163572252750e-04 0.000000000000000000e+00 0.000000000000000000e+00 0.000000000000000000e+00 0.000000000000000000e+00
1.150500000000000000e+03 6.159523366125384432e-03 0.000000000000000000e+00 0.000000000000000000e+00 1.163485543981142132e-04 -8.343012867741810554e-05 0.000000000000000000e+00 0.000000000000000000e+00 0.000000000000000000e+00 0.000000000000000000e+00
1.200500000000000000e+03 6.350293761092248163e-03 0.000000000000000000e+00 0.000000000000000000e+00 2.789100676992515031e-05 1.783572350957352581e-05 0.000000000000000000e+00 0.000000000000000000e+00 0.000000000000000000e+00 0.000000000000000000e+00
1.250500000000000000e+03 1.002084188952490247e-02 0.000000000000000000e+00 0.000000000000000000e+00 -5.941868395714768541e-05 -7.049104584192963094e-05 0.000000000000000000e+00 0.000000000000000000e+00 0.000000000000000000e+00 0.000000000000000000e+00
1.300500000000000000e+03 1.068299144560380838e-02 0.000000000000000000e+00 0.000000000000000000e+00 -3.433447189390082048e-05 -6.207436624534910048e-05 0.000000000000000000e+00 0.000000000000000000e+00 0.000000000000000000e+00 0.000000000000000000e+00
1.350500000000000000e+03 1.001578236849610254e-02 0.000000000000000000e+00 0.000000000000000000e+00 -3.320888182276210025e-05 -5.210792719643846365e-06 0.000000000000000000e+00 0.000000000000000000e+00 0.000000000000000000e+00 0.000000000000000000e+00
1.400500000000000000e+03 5.760223883728482833e-03 0.000000000000000000e+00 0.000000000000000000e+00 -1.088456217729287038e-06 4.142999960316511986e-05 0.000000000000000000e+00 0.000000000000000000e+00 0.000000000000000000e+00 0.000000000000000000e+00
1.450500000000000000e+03 1.247758714357745553e-02 0.000000000000000000e+00 0.000000000000000000e+00 7.759903394737641786e-05 9.623617809754820218e-05 0.000000000000000000e+00 0.000000000000000000e+00 0.000000000000000000e+00 0.000000000000000000e+00
1.500500000000000000e+03 9.342944498374914850e-03 0.000000000000000000e+00 0.000000000000000000e+00 -7.431087954471474145e-05 -5.781048944685487554e-05 0.000000000000000000e+00 0.000000000000000000e+00 0.000000000000000000e+00 0.000000000000000000e+00
1.550500000000000000e+03 1.110157217754906452e-02 0.000000000000000000e+00 0.000000000000000000e+00 -1.788783896726237489e-04 5.881660900135437847e-05 0.000000000000000000e+00 0.000000000000000000e+00 0.000000000000000000e+00 0.000000000000000000e+00
1.600500000000000000e+03 1.122919456127057306e-02 0.000000000000000000e+00 0.000000000000000000e+00 8.062148270131218872e-05 6.675208725227791307e-05 0.000000000000000000e+00 0.000000000000000000e+00 0.000000000000000000e+00 0.000000000000000000e+00
1.650500000000000000e+03 1.130325247434486695e-02 0.000000000000000000e+00 0.000000000000000000e+00 -3.435268962175533667e-05 5.237621320996598012e-05 0.000000000000000000e+00 0.000000000000000000e+00 0.000000000000000000e+00 0.000000000000000000e+00
1.700500000000000000e+03 1.145674748448105573e-02 0.000000000000000000e+00 0.000000000000000000e+00 5.620773122782490890e-06 -7.201555774876010796e-05 0.000000000000000000e+00 0.000000000000000000e+00 0.000000000000000000e+00 0.000000000000000000e+00
1.750500000000000000e+03 1.339342284118756783e-02 0.000000000000000000e+00 0.000000000000000000e+00 2.114023133138804211e-04 3.726322735014975923e-05 0.000000000000000000e+00 0.000000000000000000e+00 0.000000000000000000e+00 0.000000000000000000e+00
1.800500000000000000e+03 1.373290857770315294e-02 0.000000000000000000e+00 0.000000000000000000e+00 -3.410171079357454969e-05 -4.418683866713480355e-05 0.000000000000000000e+00 0.000000000000000000e+00 0.000000000000000000e+00 0.000000000000000000e+00
1.850500000000000000e+03 1.211113159722554573e-02 0.000000000000000000e+00 0.000000000000000000e+00 -1.082881051017683569e-04 9.422455498969459328e-05 0.000000000000000000e+00 0.000000000000000000e+00 0.000000000000000000e+00 0.000000000000000000e+00
1.900500000000000000e+03 1.407357681335100717e-02 0.000000000000000000e+00 0.000000000000000000e+00 1.521035168404231378e-04 -1.248940870359996509e-04 0.000000000000000000e+00 0.000000000000000000e+00 0.000000000000000000e+00 0.000000000000000000e+00
1.950500000000000000e+03 1.315908153798906431e-02 0.000000000000000000e+00 0.000000000000000000e+00 -5.867572487716977335e-05 1.082810380628015701e-04 0.000000000000000000e+00 0.000000000000000000e+00 0.000000000000000000e+00 0.000000000000000000e+00
2.000500000000000000e+03 3.038836313550047526e-03 0.000000000000000000e+00 0.000000000000000000e+00 3.386747451983031606e-05 -2.113938989041874814e-04 0.000000000000000000e+00 0.000000000000000000e+00 0.000000000000000000e+00 0.000000000000000000e+00
2.075500000000000000e+03 1.082148497252440750e-02 0.000000000000000000e+00 0.000000000000000000e+00 8.999332964535408110e-05 -2.449723142123617418e-05 0.000000000000000000e+00 0.000000000000000000e+00 0.000000000000000000e+00 0.000000000000000000e+00
2.175500000000000000e+03 1.494230875636368833e-02 0.000000000000000000e+00 0.000000000000000000e+00 -1.337795012014449244e-04 1.056154369145089644e-04 0.000000000000000000e+00 0.000000000000000000e+00 0.000000000000000000e+00 0.000000000000000000e+00
2.275500000000000000e+03 1.805916645415141242e-02 0.000000000000000000e+00 0.000000000000000000e+00 -1.912581019517971471e-05 -8.782328043138379206e-05 0.000000000000000000e+00 0.000000000000000000e+00 0.000000000000000000e+00 0.000000000000000000e+00
2.375500000000000000e+03 1.519618265209025237e-02 0.000000000000000000e+00 0.000000000000000000e+00 -7.463131599764055441e-05 -9.891244262602422979e-05 0.000000000000000000e+00 0.000000000000000000e+00 0.000000000000000000e+00 0.000000000000000000e+00
2.475500000000000000e+03 1.136691471337132088e-02 0.000000000000000000e+00 0.000000000000000000e+00 -1.116060669231577690e-06 1.398719736817888586e-04 0.000000000000000000e+00 0.000000000000000000e+00 0.000000000000000000e+00 0.000000000000000000e+00
2.625500000000000000e+03 1.919338954632062236e-02 0.000000000000000000e+00 0.000000000000000000e+00 -6.198872111645975285e-07 -7.137931968007094378e-05 0.000000000000000000e+00 0.000000000000000000e+00 0.000000000000000000e+00 0.000000000000000000e+00
2.825500000000000000e+03 1.837907009485543336e-02 0.000000000000000000e+00 0.000000000000000000e+00 3.005056437713686079e-05 -6.443459847234493730e-05 0.000000000000000000e+00 0.000000000000000000e+00 0.000000000000000000e+00 0.000000000000000000e+00
3.025500000000000000e+03 1.460937095621782020e-02 0.000000000000000000e+00 0.000000000000000000e+00 -1.857544444787641487e-05 -3.794326991143417931e-06 0.000000000000000000e+00 0.000000000000000000e+00 0.000000000000000000e+00 0.000000000000000000e+00
3.325500000000000000e+03 1.985904494704943124e-02 0.000000000000000000e+00 0.000000000000000000e+00 -1.323394232292924812e-05 -4.851898366118264391e-05 0.000000000000000000e+00 0.000000000000000000e+00 0.000000000000000000e+00 0.000000000000000000e+00
3.725500000000000000e+03 2.519426908479491939e-02 0.000000000000000000e+00 0.000000000000000000e+00 -9.649801319503711417e-05 5.243170676339432336e-05 0.000000000000000000e+00 0.000000000000000000e+00 0.000000000000000000e+00 0.000000000000000000e+00
4.125500000000000000e+03 2.179009151996938454e-02 0.000000000000000000e+00 0.000000000000000000e+00 5.252202792357119347e-05 2.225746532922837822e-04 0.000000000000000000e+00 0.000000000000000000e+00 0.000000000000000000e+00 0.000000000000000000e+00
4.525500000000000000e+03 2.834338274983632180e-02 0.000000000000000000e+00 0.000000000000000000e+00 9.405441388095316850e-05 7.901720808427926479e-05 0.000000000000000000e+00 0.000000000000000000e+00 0.000000000000000000e+00 0.000000000000000000e+00
4.925500000000000000e+03 4.064727677859272803e-02 0.000000000000000000e+00 0.000000000000000000e+00 1.274911652662518585e-04 -5.393586944027582171e-05 0.000000000000000000e+00 0.000000000000000000e+00 0.000000000000000000e+00 0.000000000000000000e+00
5.325500000000000000e+03 4.559250996643086917e-02 0.000000000000000000e+00 0.000000000000000000e+00 1.379019474176330137e-04 1.059373131105397090e-05 0.000000000000000000e+00 0.000000000000000000e+00 0.000000000000000000e+00 0.000000000000000000e+00
5.725500000000000000e+03 4.084128241130589865e-02 0.000000000000000000e+00 0.000000000000000000e+00 -7.863072421995040558e-05 6.139768081086193190e-05 0.000000000000000000e+00 0.000000000000000000e+00 0.000000000000000000e+00 0.000000000000000000e+00
6.125500000000000000e+03 4.437490061540307756e-02 0.000000000000000000e+00 0.000000000000000000e+00 -1.300313142948590888e-04 2.162624925826462527e-05 0.000000000000000000e+00 0.000000000000000000e+00 0.000000000000000000e+00 0.000000000000000000e+00
6.725500000000000000e+03 5.700130987944802136e-02 0.000000000000000000e+00 0.000000000000000000e+00 -1.037934483741585078e-04 9.138151706851414271e-05 0.000000000000000000e+00 0.000000000000000000e+00 0.000000000000000000e+00 0.000000000000000000e+00
7.525500000000000000e+03 6.786392082676089010e-02 0.000000000000000000e+00 0.000000000000000000e+00 -1.602742520433411038e-04 1.052203222143691241e-05 0.000000000000000000e+00 0.000000000000000000e+00 0.000000000000000000e+00 0.000000000000000000e+00
