# l Dl_TT Dl_TE Dl_TB Dl_ET Dl_BT Dl_EE Dl_EB Dl_BE Dl_BB
6.350000000000000000e+01 -2.507419665495877253e-04 0.000000000000000000e+00 0.000000000000000000e+00 -1.355702503335927202e-05 2.596220899976831769e-06 0.000000000000000000e+00 0.000000000000000000e+00 0.000000000000000000e+00 0.000000000000000000e+00
1.505000000000000000e+02 -1.223764107773761935e-03 0.000000000000000000e+00 0.000000000000000000e+00 3.594560590783453470e-05 -5.801471010104056067e-05 0.000000000000000000e+00 0.000000000000000000e+00 0.000000000000000000e+00 0.000000000000000000e+00
2.005000000000000000e+02 -3.430435167632633810e-04 0.000000000000000000e+00 0.000000000000000000e+00 1.170164658443325091e-05 1.220782675925807088e-04 0.000000000000000000e+00 0.000000000000000000e+00 0.000000000000000000e+00 0.000000000000000000e+00
2.505000000000000000e+02 3.604877848958090280e-03 0.000000000000000000e+00 0.000000000000000000e+00 6.641931094343116171e-05 -1.362985212015587916e-05 0.000000000000000000e+00 0.000000000000000000e+00 0.000000000000000000e+00 0.000000000000000000e+00
3.005000000000000000e+02 -3.218864663234794875e-03 0.000000000000000000e+00 0.000000000000000000e+00 -1.007855584797483597e-04 8.456713419747482032e-05 0.000000000000000000e+00 0.000000000000000000e+00 0.000000000000000000e+00 0.000000000000000000e+00
3.505000000000000000e+02 1.239155152717607254e-02 0.000000000000000000e+00 0.000000000000000000e+00 -1.282706215204107803e-05 -1.088425732838098407e-04 0.000000000000000000e+00 0.000000000000000000e+00 0.000000000000000000e+00 0.000000000000000000e+00
4.005000000000000000e+02 7.063066221080986640e-03 0.000000000000000000e+00 0.000000000000000000e+00 2.328479421191815527e-04 -2.503454434741415402e-04 0.000000000000000000e+00 0.000000000000000000e+00 0.000000000000000000e+00 0.000000000000000000e+00
4.505000000000000000e+02 -2.719225116669482479e-04 0.000000000000000000e+00 0.000000000000000000e+00 -3.774137319545768643e-04 6.085076156823595430e-06 0.000000000000000000e+00 0.000000000000000000e+00 0.000000000000000000e+00 0.000000000000000000e+00
5.005000000000000000e+02 -3.985394078713400123e-03 0.000000000000000000e+00 0.000000000000000000e+00 2.639287616793657430e-05 -2.337222245359615294e-04 0.000000000000000000e+00 0.000000000000000000e+00 0.000000000000000000e+00 0.000000000000000000e+00
5.505000000000000000e+02 7.879583171639042288e-03 0.000000000000000000e+00 0.000000000000000000e+00 -7.555897549779611760e-05 -6.799791755665609530e-05 0.000000000000000000e+00 0.000000000000000000e+00 0.000000000000000000e+00 0.000000000000000000e+00
6.005000000000000000e+02 -3.963515747037128258e-03 0.000000000000000000e+00 0.000000000000000000e+00 -1.304245676778232027e-04 -7.804037611668767228e-05 0.000000000000000000e+00 0.000000000000000000e+00 0.000000000000000000e+00 0.000000000000000000e+00
6.505000000000000000e+02 6.158667182727503749e-03 0.000000000000000000e+00 0.000000000000000000e+00 5.126624462565562224e-05 1.436162843744260003e-04 0.000000000000000000e+00 0.000000000000000000e+00 0.000000000000000000e+00 0.000000000000000000e+00
7.005000000000000000e+02 1.718938802398322502e-02 0.000000000000000000e+00 0.000000000000000000e+00 8.149858010487509357e-04 5.394494800406248770e-04 0.000000000000000000e+00 0.000000000000000000e+00 0.000000000000000000e+00 0.000000000000000000e+00
7.505000000000000000e+02 -1.715419014795856179e-02 0.000000000000000000e+00 0.000000000000000000e+00 -6.220339206020064366e-05 -3.070118613091867791e-04 0.000000000000000000e+00 0.000000000000000000e+00 0.000000000000000000e+00 0.000000000000000000e+00
8.005000000000000000e+02 -7.286507632561057364e-05 0.000000000000000000e+00 0.000000000000000000e+00 1.926189429549065451e-04 -2.051830767777370040e-04 0.000000000000000000e+00 0.000000000000000000e+00 0.000000000000000000e+00 0.000000000000000000e+00
8.505000000000000000e+02 1.415958739072590254e-02 0.000000000000000000e+00 0.000000000000000000e+00 2.974817936418234772e-04 4.946064512368606760e-04 0.000000000000000000e+00 0.000000000000000000e+00 0.000000000000000000e+00 0.000000000000000000e+00
9.005000000000000000e+02 1.794337959799209570e-02 0.000000000000000000e+00 0.000000000000000000e+00 -6.602603854553558633e-05 2.668114336299436291e-04 0.000000000000000000e+00 0.000000000000000000e+00 0.000000000000000000e+00 0.000000000000000000e+00
9.505000000000000000e+02 -4.064714221760004978e-03 0.000000000000000000e+00 0.000000000000000000e+00 -2.101278809972701001e-05 -6.240947538795237537e-04 0.000000000000000000e+00 0.000000000000000000e+00 0.000000000000000000e+00 0.000000000000000000e+00
1.000500000000000000e+03 -1.139253773887414709e-02 0.000000000000000000e+00 0.000000000000000000e+00 -1.438679931092593691e-05 -1.578138974867666282e-04 0.000000000000000000e+00 0.000000000000000000e+00 0.000000000000000000e+00 0.000000000000000000e+00
1.050500000000000000e+03 3.635242226651470496e-03 0.000000000000000000e+00 0.000000000000000000e+00 -1.101921266487541516e-04 -4.897884392726174199e-04 0.000000000000000000e+00 0.000000000000000000e+00 0.000000000000000000e+00 0.000000000000000000e+00
1.100500000000000000e+03 9.976453238382903405e-03 0.000000000000000000e+00 0.000000000000000000e+00 3.113142214306181664e-05 -9.621571889180083770e-05 0.000000000000000000e+00 0.000000000000000000e+00 0.000000000000000000e+00 0.000000000000000000e+00
1.150500000000000000e+03 9.289486178977481717e-03 0.000000000000000000e+00 0.000000000000000000e+00 2.356559370468580550e-04 -4.405263921432443666e-04 0.000000000000000000e+00 0.000000000000000000e+00 0.000000000000000000e+00 0.000000000000000000e+00
1.200500000000000000e+03 -7.932166206873252079e-03 0.000000000000000000e+00 0.000000000000000000e+00 3.394754733750177849e-04 -1.498845864691838211e-04 0.000000000000000000e+00 0.000000000000000000e+00 0.000000000000000000e+00 0.000000000000000000e+00
1.250500000000000000e+03 1.699940905424943138e-02 0.000000000000000000e+00 0.000000000000000000e+00 5.143088975435220313e-04 -2.308609708269807861e-04 0.000000000000000000e+00 0.000000000000000000e+00 0.000000000000000000e+00 0.000000000000000000e+00
1.300500000000000000e+03 1.187630896939468944e-03 0.000000000000000000e+00 0.000000000000000000e+00 -7.097582687063041455e-05 -1.993018732034396038e-04 0.000000000000000000e+00 0.000000000000000000e+00 0.000000000000000000e+00 0.000000000000000000e+00
1.350500000000000000e+03 -4.516960071953640687e-02 0.000000000000000000e+00 0.000000000000000000e+00 5.612252073252314670e-04 9.199400458229042594e-05 0.000000000000000000e+00 0.000000000000000000e+00 0.000000000000000000e+00 0.000000000000000000e+00
1.400500000000000000e+03 2.617871247708452795e-02 0.000000000000000000e+00 0.000000000000000000e+00 3.792279229547006148e-04 -1.486506167512650033e-04 0.000000000000000000e+00 0.000000000000000000e+00 0.000000000000000000e+00 0.000000000000000000e+00
1.450500000000000000e+03 -2.313484219796503247e-02 0.000000000000000000e+00 0.000000000000000000e+00 -2.782813220620095626e-04 6.830149007059949399e-04 0.000000000000000000e+00 0.000000000000000000e+00 0.000000000000000000e+00 0.000000000000000000e+00
1.500500000000000000e+03 6.792525658628248940e-04 0.000000000000000000e+00 0.000000000000000000e+00 -5.968682176591751532e-04 -5.214995307069741643e-04 0.000000000000000000e+00 0.000000000000000000e+00 0.000000000000000000e+00 0.000000000000000000e+00
1.550500000000000000e+03 -1.524366471420495611e-02 0.000000000000000000e+00 0.000000000000000000e+00 -1.383438801949255176e-04 -4.078007049613652083e-04 0.000000000000000000e+00 0.000000000000000000e+00 0.000000000000000000e+00 0.000000000000000000e+00
1.600500000000000000e+03 -2.572989050353807414e-02 0.000000000000000000e+00 0.000000000000000000e+00 -6.772020673319682467e-04 -3.324134167184002284e-04 0.000000000000000000e+00 0.000000000000000000e+00 0.000000000000000000e+00 0.000000000000000000e+00
1.650500000000000000e+03 1.277423684215168651e-03 0.000000000000000000e+00 0.000000000000000000e+00 3.996605922836097224e-04 1.867617153101741535e-04 0.000000000000000000e+00 0.000000000000000000e+00 0.000000000000000000e+00 0.000000000000000000e+00
1.700500000000000000e+03 1.975173687833248551e-02 0.000000000000000000e+00 0.000000000000000000e+00 2.341249631531186178e-04 -6.861645540395808442e-06 0.000000000000000000e+00 0.000000000000000000e+00 0.000000000000000000e+00 0.000000000000000000e+00
1.750500000000000000e+03 1.986649104013863548e-03 0.000000000000000000e+00 0.000000000000000000e+00 -1.394957744767625935e-04 2.770727220034044976e-04 0.000000000000000000e+00 0.000000000000000000e+00 0.000000000000000000e+00 0.000000000000000000e+00
1.800500000000000000e+03 -7.139580626714750813e-03 0.000000000000000000e+00 0.000000000000000000e+00 -7.641812419875185182e-04 -1.085068495074593313e-03 0.000000000000000000e+00 0.000000000000000000e+00 0.000000000000000000e+00 0.000000000000000000e+00
1.850500000000000000e+03 -3.115208255133047671e-04 0.000000000000000000e+00 0.000000000000000000e+00 -2.541908258940390889e-04 3.776972179645419494e-04 0.000000000000000000e+00 0.000000000000000000e+00 0.000000000000000000e+00 0.000000000000000000e+00
1.900500000000000000e+03 -1.924228261382026142e-02 0.000000000000000000e+00 0.000000000000000000e+00 4.083753199009172719e-04 3.340616945693317629e-04 0.000000000000000000e+00 0.000000000000000000e+00 0.000000000000000000e+00 0.000000000000000000e+00
1.950500000000000000e+03 -9.992128298790620144e-03 0.000000000000000000e+00 0.000000000000000000e+00 -7.570075784504071191e-04 1.088089143204917742e-03 0.000000000000000000e+00 0.000000000000000000e+00 0.000000000000000000e+00 0.000000000000000000e+00
2.000500000000000000e+03 1.680910294308070665e-02 0.000000000000000000e+00 0.000000000000000000e+00 4.793861182843471005e-04 3.186065281299303915e-04 0.000000000000000000e+00 0.000000000000000000e+00 0.000000000000000000e+00 0.000000000000000000e+00
2.075500000000000000e+03 -1.149993696687969013e-03 0.000000000000000000e+00 0.000000000000000000e+00 4.555365048856327426e-04 2.417784851217072656e-04 0.000000000000000000e+00 0.000000000000000000e+00 0.000000000000000000e+00 0.000000000000000000e+00
2.175500000000000000e+03 -5.642990960848366655e-03 0.000000000000000000e+00 0.000000000000000000e+00 3.570500311717024586e-04 9.072507737659690655e-05 0.000000000000000000e+00 0.000000000000000000e+00 0.000000000000000000e+00 0.000000000000000000e+00
2.275500000000000000e+03 2.665827246887358254e-02 0.000000000000000000e+00 0.000000000000000000e+00 -2.686360738852885065e-04 -2.515251740667454145e-05 0.000000000000000000e+00 0.000000000000000000e+00 0.000000000000000000e+00 0.000000000000000000e+00
2.375500000000000000e+03 1.121666456998128558e-02 0.000000000000000000e+00 0.000000000000000000e+00 3.295694281494972351e-04 2.425402711724232397e-04 0.000000000000000000e+00 0.000000000000000000e+00 0.000000000000000000e+00 0.000000000000000000e+00
2.475500000000000000e+03 4.368125346748700545e-03 0.000000000000000000e+00 0.000000000000000000e+00 4.033984822229552680e-04 -5.141317216126222236e-04 0.000000000000000000e+00 0.000000000000000000e+00 0.000000000000000000e+00 0.000000000000000000e+00
2.625500000000000000e+03 -1.065349455310668318e-02 0.000000000000000000e+00 0.000000000000000000e+00 -3.305783721660745882e-04 -5.782213408692205101e-04 0.000000000000000000e+00 0.000000000000000000e+00 0.000000000000000000e+00 0.000000000000000000e+00
2.825500000000000000e+03 1.247549328915530630e-02 0.000000000000000000e+00 0.000000000000000000e+00 9.203869402182816828e-05 -2.465385009749778409e-04 0.000000000000000000e+00 0.000000000000000000e+00 0.000000000000000000e+00 0.000000000000000000e+00
3.025500000000000000e+03 2.804517864667855839e-02 0.000000000000000000e+00 0.000000000000000000e+00 -6.154390826895436489e-04 1.456958482263007962e-04 0.000000000000000000e+00 0.000000000000000000e+00 0.000000000000000000e+00 0.000000000000000000e+00
3.325500000000000000e+03 3.715921096463151337e-03 0.000000000000000000e+00 0.000000000000000000e+00 2.366485183220708123e-04 1.383278320861719056e-05 0.000000000000000000e+00 0.000000000000000000e+00 0.000000000000000000e+00 0.000000000000000000e+00
3.725500000000000000e+03 -1.307679376865178607e-02 0.000000000000000000e+00 0.000000000000000000e+00 1.004189757280238358e-04 3.653687409560416694e-04 0.000000000000000000e+00 0.000000000000000000e+00 0.000000000000000000e+00 0.000000000000000000e+00
4.125500000000000000e+03 1.356516884725758251e-03 0.000000000000000000e+00 0.000000000000000000e+00 -5.163455277721632972e-04 9.726325331292584532e-05 0.000000000000000000e+00 0.000000000000000000e+00 0.000000000000000000e+00 0.000000000000000000e+00
4.525500000000000000e+03 2.005837722218192266e-03 0.000000000000000000e+00 0.000000000000000000e+00 2.849825720691191570e-04 -2.193054424545858700e-04 0.000000000000000000e+00 0.000000000000000000e+00 0.000000000000000000e+00 0.000000000000000000e+00
4.925500000000000000e+03 -8.066038346823022759e-03 0.000000000000000000e+00 0.000000000000000000e+00 9.184608466455343185e-05 2.118877496081353427e-04 0.000000000000000000e+00 0.000000000000000000e+00 0.000000000000000000e+00 0.000000000000000000e+00
5.325500000000000000e+03 1.161966183611775651e-02 0.000000000000000000e+00 0.000000000000000000e+00 2.124790019511243306e-04 5.773185681331064823e-04 0.000000000000000000e+00 0.000000000000000000e+00 0.000000000000000000e+00 0.000000000000000000e+00
5.725500000000000000e+03 5.141791980592121114e-03 0.000000000000000000e+00 0.000000000000000000e+00 3.163819718955146617e-04 -1.871169604564206694e-04 0.000000000000000000e+00 0.000000000000000000e+00 0.000000000000000000e+00 0.000000000000000000e+00
6.125500000000000000e+03 8.237889773980352007e-03 0.000000000000000000e+00 0.000000000000000000e+00 1.754143203161345020e-05 1.331774411986203378e-04 0.000000000000000000e+00 0.000000000000000000e+00 0.000000000000000000e+00 0.000000000000000000e+00
6.725500000000000000e+03 -5.054254184840786986e-03 0.000000000000000000e+00 0.000000000000000000e+00 1.635353892004002326e-04 1.322936907699652238e-04 0.000000000000000000e+00 0.000000000000000000e+00 0.000000000000000000e+00 0.000000000000000000e+00
7.525500000000000000e+03 3.574215835333579595e-03 0.000000000000000000e+00 0.000000000000000000e+00 3.540762388690911629e-04 1.395145770750214011e-04 0.000000000000000000e+00 0.000000000000000000e+00 0.000000000000000000e+00 0.000000000000000000e+00
