# l Dl_TT Dl_TE Dl_TB Dl_ET Dl_BT Dl_EE Dl_EB Dl_BE Dl_BB
6.350000000000000000e+01 1.053816521731877447e-02 0.000000000000000000e+00 0.000000000000000000e+00 2.752590458054018723e-04 -5.757107292160851145e-05 0.000000000000000000e+00 0.000000000000000000e+00 0.000000000000000000e+00 0.000000000000000000e+00
1.505000000000000000e+02 1.917768189666020119e-03 0.000000000000000000e+00 0.000000000000000000e+00 1.285101010489529791e-04 1.212196215800934901e-05 0.000000000000000000e+00 0.000000000000000000e+00 0.000000000000000000e+00 0.000000000000000000e+00
2.005000000000000000e+02 -3.243093835079960321e-04 0.000000000000000000e+00 0.000000000000000000e+00 2.407893477026713100e-05 -2.101597939395791648e-05 0.000000000000000000e+00 0.000000000000000000e+00 0.000000000000000000e+00 0.000000000000000000e+00
2.505000000000000000e+02 -1.557254099239392252e-04 0.000000000000000000e+00 0.000000000000000000e+00 -8.398808126108666700e-07 1.892073354975293479e-05 0.000000000000000000e+00 0.000000000000000000e+00 0.000000000000000000e+00 0.000000000000000000e+00
3.005000000000000000e+02 4.448932945024458379e-04 0.000000000000000000e+00 0.000000000000000000e+00 -4.725056650424485776e-05 -2.395406186128722501e-06 0.000000000000000000e+00 0.000000000000000000e+00 0.000000000000000000e+00 0.000000000000000000e+00
3.505000000000000000e+02 -2.622253348723959710e-04 0.000000000000000000e+00 0.000000000000000000e+00 5.965048414215864790e-06 -2.541122529623118258e-05 0.000000000000000000e+00 0.000000000000000000e+00 0.000000000000000000e+00 0.000000000000000000e+00
4.005000000000000000e+02 -1.468728704025185463e-04 0.000000000000000000e+00 0.000000000000000000e+00 7.962276239520975953e-06 -4.796605620444144699e-06 0.000000000000000000e+00 0.000000000000000000e+00 0.000000000000000000e+00 0.000000000000000000e+00
4.505000000000000000e+02 1.138448957121135122e-05 0.000000000000000000e+00 0.000000000000000000e+00 -5.029994428192546497e-06 -1.363657571535442750e-05 0.000000000000000000e+00 0.000000000000000000e+00 0.000000000000000000e+00 0.000000000000000000e+00
5.005000000000000000e+02 -2.659824723196739342e-04 0.000000000000000000e+00 0.000000000000000000e+00 -2.663232416312720364e-06 1.755943745437853361e-05 0.000000000000000000e+00 0.000000000000000000e+00 0.000000000000000000e+00 0.000000000000000000e+00
5.505000000000000000e+02 -1.110435814387615588e-04 0.000000000000000000e+00 0.000000000000000000e+00 8.096759118417989014e-06 -2.482117962562436719e-06 0.000000000000000000e+00 0.000000000000000000e+00 0.000000000000000000e+00 0.000000000000000000e+00
6.005000000000000000e+02 -1.113486949937543514e-04 0.000000000000000000e+00 0.000000000000000000e+00 -4.385040808991734295e-06 2.571969845402147917e-05 0.000000000000000000e+00 0.000000000000000000e+00 0.000000000000000000e+00 0.000000000000000000e+00
6.505000000000000000e+02 -6.044675512507957546e-05 0.000000000000000000e+00 0.000000000000000000e+00 -1.458393106051207022e-05 4.241443870478062706e-06 0.000000000000000000e+00 0.000000000000000000e+00 0.000000000000000000e+00 0.000000000000000000e+00
7.005000000000000000e+02 -9.924416735681818285e-05 0.000000000000000000e+00 0.000000000000000000e+00 4.936286086393678251e-06 6.999201731474076161e-06 0.000000000000000000e+00 0.000000000000000000e+00 0.000000000000000000e+00 0.000000000000000000e+00
7.505000000000000000e+02 5.278835564715812990e-05 0.000000000000000000e+00 0.000000000000000000e+00 7.119039131770452868e-08 3.796243336422220768e-06 0.000000000000000000e+00 0.000000000000000000e+00 0.000000000000000000e+00 0.000000000000000000e+00
8.005000000000000000e+02 4.531338570064711700e-06 0.000000000000000000e+00 0.000000000000000000e+00 3.994987020433371494e-06 -1.964720347632711822e-06 0.000000000000000000e+00 0.000000000000000000e+00 0.000000000000000000e+00 0.000000000000000000e+00
8.505000000000000000e+02 1.714489630041645188e-05 0.000000000000000000e+00 0.000000000000000000e+00 5.436888384652532785e-06 -2.822121738590480881e-07 0.000000000000000000e+00 0.000000000000000000e+00 0.000000000000000000e+00 0.000000000000000000e+00
9.005000000000000000e+02 -8.866300765547543029e-05 0.000000000000000000e+00 0.000000000000000000e+00 2.378199064043236314e-06 -2.368512106257220124e-06 0.000000000000000000e+00 0.000000000000000000e+00 0.000000000000000000e+00 0.000000000000000000e+00
9.505000000000000000e+02 1.128808348329125131e-05 0.000000000000000000e+00 0.000000000000000000e+00 2.205732644775808965e-07 -2.353715731651379779e-06 0.000000000000000000e+00 0.000000000000000000e+00 0.000000000000000000e+00 0.000000000000000000e+00
1.000500000000000000e+03 -1.476858402036428896e-05 0.000000000000000000e+00 0.000000000000000000e+00 6.072974281259766697e-06 1.678163107628689858e-06 0.000000000000000000e+00 0.000000000000000000e+00 0.000000000000000000e+00 0.000000000000000000e+00
1.050500000000000000e+03 -7.507953628028220463e-07 0.000000000000000000e+00 0.000000000000000000e+00 -1.653775500772506129e-06 -6.316570859901588507e-07 0.000000000000000000e+00 0.000000000000000000e+00 0.000000000000000000e+00 0.000000000000000000e+00
1.100500000000000000e+03 -5.035534970754902354e-07 0.000000000000000000e+00 0.000000000000000000e+00 5.123901857759799184e-06 7.641057024890278588e-07 0.000000000000000000e+00 0.000000000000000000e+00 0.000000000000000000e+00 0.000000000000000000e+00
1.150500000000000000e+03 -5.173162514522553309e-05 0.000000000000000000e+00 0.000000000000000000e+00 -8.334855506099484636e-07 1.589626777654089042e-06 0.000000000000000000e+00 0.000000000000000000e+00 0.000000000000000000e+00 0.000000000000000000e+00
1.200500000000000000e+03 -2.623111145692717024e-05 0.000000000000000000e+00 0.000000000000000000e+00 -4.439295854929718076e-07 -2.348920983851529910e-06 0.000000000000000000e+00 0.000000000000000000e+00 0.000000000000000000e+00 0.000000000000000000e+00
1.250500000000000000e+03 -1.365736431760578181e-05 0.000000000000000000e+00 0.000000000000000000e+00 3.141956906064759803e-06 3.667624311451093361e-06 0.000000000000000000e+00 0.000000000000000000e+00 0.000000000000000000e+00 0.000000000000000000e+00
1.300500000000000000e+03 1.773397650048701583e-05 0.000000000000000000e+00 0.000000000000000000e+00 4.864637293012532326e-06 2.642321650379082888e-06 0.000000000000000000e+00 0.000000000000000000e+00 0.000000000000000000e+00 0.000000000000000000e+00
1.350500000000000000e+03 -1.357931088497136620e-05 0.000000000000000000e+00 0.000000000000000000e+00 -2.021728378653069051e-06 5.748243591962671074e-07 0.000000000000000000e+00 0.000000000000000000e+00 0.000000000000000000e+00 0.000000000000000000e+00
1.400500000000000000e+03 -8.919895695072526436e-06 0.000000000000000000e+00 0.000000000000000000e+00 -3.295242317193411397e-06 -2.098875605009576240e-07 0.000000000000000000e+00 0.000000000000000000e+00 0.000000000000000000e+00 0.000000000000000000e+00
1.450500000000000000e+03 -7.653801493409216215e-05 0.000000000000000000e+00 0.000000000000000000e+00 -6.278891374255304603e-06 6.052476604430466498e-07 0.000000000000000000e+00 0.000000000000000000e+00 0.000000000000000000e+00 0.000000000000000000e+00
1.500500000000000000e+03 -3.343070889229672794e-05 0.000000000000000000e+00 0.000000000000000000e+00 -3.830096537410445494e-06 1.985686869076601014e-06 0.000000000000000000e+00 0.000000000000000000e+00 0.000000000000000000e+00 0.000000000000000000e+00
1.550500000000000000e+03 -9.277785030108065775e-06 0.000000000000000000e+00 0.000000000000000000e+00 1.103409615575408895e-06 -2.318133685569893924e-06 0.000000000000000000e+00 0.000000000000000000e+00 0.000000000000000000e+00 0.000000000000000000e+00
1.600500000000000000e+03 9.761877072101493526e-06 0.000000000000000000e+00 0.000000000000000000e+00 2.632129121597055988e-06 5.725526930596735272e-07 0.000000000000000000e+00 0.000000000000000000e+00 0.000000000000000000e+00 0.000000000000000000e+00
1.650500000000000000e+03 -1.025058593268224603e-05 0.000000000000000000e+00 0.000000000000000000e+00 -1.781414911790328104e-06 -8.919978420014469445e-07 0.000000000000000000e+00 0.000000000000000000e+00 0.000000000000000000e+00 0.000000000000000000e+00
1.700500000000000000e+03 2.860338903719069375e-05 0.000000000000000000e+00 0.000000000000000000e+00 -3.358437225835299570e-06 -1.109552536922240917e-06 0.000000000000000000e+00 0.000000000000000000e+00 0.000000000000000000e+00 0.000000000000000000e+00
1.750500000000000000e+03 -1.596076570402491106e-05 0.000000000000000000e+00 0.000000000000000000e+00 4.827351640157619336e-07 -4.911395514141885515e-08 0.000000000000000000e+00 0.000000000000000000e+00 0.000000000000000000e+00 0.000000000000000000e+00
1.800500000000000000e+03 3.128707738001922039e-06 0.000000000000000000e+00 0.000000000000000000e+00 5.244702392089408504e-07 -1.629748277067231270e-06 0.000000000000000000e+00 0.000000000000000000e+00 0.000000000000000000e+00 0.000000000000000000e+00
1.850500000000000000e+03 2.493684696895768929e-05 0.000000000000000000e+00 0.000000000000000000e+00 -1.394476519827416302e-06 -7.289139130640916878e-07 0.000000000000000000e+00 0.000000000000000000e+00 0.000000000000000000e+00 0.000000000000000000e+00
1.900500000000000000e+03 1.097693494683374831e-05 0.000000000000000000e+00 0.000000000000000000e+00 1.785772606926158172e-06 1.557213723551458694e-06 0.000000000000000000e+00 0.000000000000000000e+00 0.000000000000000000e+00 0.000000000000000000e+00
1.950500000000000000e+03 1.326840661917297627e-05 0.000000000000000000e+00 0.000000000000000000e+00 -1.731611304773038000e-08 1.609226075841606875e-07 0.000000000000000000e+00 0.000000000000000000e+00 0.000000000000000000e+00 0.000000000000000000e+00
2.000500000000000000e+03 3.278304136825321152e-06 0.000000000000000000e+00 0.000000000000000000e+00 -8.737283787987931720e-07 -9.603862058814654556e-07 0.000000000000000000e+00 0.000000000000000000e+00 0.000000000000000000e+00 0.000000000000000000e+00
2.075500000000000000e+03 -8.829935546234202840e-06 0.000000000000000000e+00 0.000000000000000000e+00 -4.861532489852911958e-07 -6.048791471079294444e-07 0.000000000000000000e+00 0.000000000000000000e+00 0.000000000000000000e+00 0.000000000000000000e+00
2.175500000000000000e+03 2.376112676763403511e-06 0.000000000000000000e+00 0.000000000000000000e+00 -2.853901950375210275e-07 -1.235206237074603184e-06 0.000000000000000000e+00 0.000000000000000000e+00 0.000000000000000000e+00 0.000000000000000000e+00
2.275500000000000000e+03 -9.010766244176437314e-07 0.000000000000000000e+00 0.000000000000000000e+00 -7.056213585926579063e-08 -2.909938301211837435e-07 0.000000000000000000e+00 0.000000000000000000e+00 0.000000000000000000e+00 0.000000000000000000e+00
2.375500000000000000e+03 -7.337673158479445530e-06 0.000000000000000000e+00 0.000000000000000000e+00 8.209505833932640035e-07 8.492370065100796855e-07 0.000000000000000000e+00 0.000000000000000000e+00 0.000000000000000000e+00 0.000000000000000000e+00
2.475500000000000000e+03 -1.129333818543397677e-06 0.000000000000000000e+00 0.000000000000000000e+00 6.755690341622579988e-07 -3.671672360505930172e-07 0.000000000000000000e+00 0.000000000000000000e+00 0.000000000000000000e+00 0.000000000000000000e+00
2.625500000000000000e+03 3.937350060430886390e-07 0.000000000000000000e+00 0.000000000000000000e+00 1.074234815239076983e-07 -5.362710806732748027e-07 0.000000000000000000e+00 0.000000000000000000e+00 0.000000000000000000e+00 0.000000000000000000e+00
2.825500000000000000e+03 -6.087812240268610145e-06 0.000000000000000000e+00 0.000000000000000000e+00 1.593477113165892417e-06 -2.760500299380399005e-07 0.000000000000000000e+00 0.000000000000000000e+00 0.000000000000000000e+00 0.000000000000000000e+00
3.025500000000000000e+03 -1.080518239037305086e-06 0.000000000000000000e+00 0.000000000000000000e+00 -2.099608614063076049e-07 2.324308610703222343e-07 0.000000000000000000e+00 0.000000000000000000e+00 0.000000000000000000e+00 0.000000000000000000e+00
3.325500000000000000e+03 -3.094344097617308657e-06 0.000000000000000000e+00 0.000000000000000000e+00 2.469965896216377342e-07 -3.916289683060787789e-07 0.000000000000000000e+00 0.000000000000000000e+00 0.000000000000000000e+00 0.000000000000000000e+00
3.725500000000000000e+03 -1.630177118617151042e-06 0.000000000000000000e+00 0.000000000000000000e+00 -2.964969937054317883e-07 3.589834636053706535e-07 0.000000000000000000e+00 0.000000000000000000e+00 0.000000000000000000e+00 0.000000000000000000e+00
4.125500000000000000e+03 -3.098513332913665363e-06 0.000000000000000000e+00 0.000000000000000000e+00 1.571650908438848438e-07 -3.125558593116720209e-07 0.000000000000000000e+00 0.000000000000000000e+00 0.000000000000000000e+00 0.000000000000000000e+00
4.525500000000000000e+03 -4.743325518265033854e-07 0.000000000000000000e+00 0.000000000000000000e+00 9.086008838941738481e-08 1.728364982460137579e-08 0.000000000000000000e+00 0.000000000000000000e+00 0.000000000000000000e+00 0.000000000000000000e+00
4.925500000000000000e+03 -5.070068485732758555e-07 0.000000000000000000e+00 0.000000000000000000e+00 -2.395215889132120087e-07 1.211327866269637768e-07 0.000000000000000000e+00 0.000000000000000000e+00 0.000000000000000000e+00 0.000000000000000000e+00
5.325500000000000000e+03 -2.591051254321684849e-07 0.000000000000000000e+00 0.000000000000000000e+00 -5.883527458002213430e-08 -1.041657615574953023e-07 0.000000000000000000e+00 0.000000000000000000e+00 0.000000000000000000e+00 0.000000000000000000e+00
5.725500000000000000e+03 1.940227386116553955e-06 0.000000000000000000e+00 0.000000000000000000e+00 2.171216257943797843e-07 1.141172138541854329e-08 0.000000000000000000e+00 0.000000000000000000e+00 0.000000000000000000e+00 0.000000000000000000e+00
6.125500000000000000e+03 2.203730234103111811e-06 0.000000000000000000e+00 0.000000000000000000e+00 -1.052289321823337154e-07 -8.629090780130070706e-08 0.000000000000000000e+00 0.000000000000000000e+00 0.000000000000000000e+00 0.000000000000000000e+00
6.725500000000000000e+03 -2.429352571972386400e-07 0.000000000000000000e+00 0.000000000000000000e+00 -1.791258053228053607e-07 1.419422038978953533e-07 0.000000000000000000e+00 0.000000000000000000e+00 0.000000000000000000e+00 0.000000000000000000e+00
7.525500000000000000e+03 -4.263945367251884938e-09 0.000000000000000000e+00 0.000000000000000000e+00 -3.559497522035277977e-08 5.222643327572146295e-08 0.000000000000000000e+00 0.000000000000000000e+00 0.000000000000000000e+00 0.000000000000000000e+00
