# l Dl_TT Dl_TE Dl_TB Dl_ET Dl_BT Dl_EE Dl_EB Dl_BE Dl_BB
6.350000000000000000e+01 2.137189047953062916e-08 0.000000000000000000e+00 0.000000000000000000e+00 5.018464469166799493e-09 5.106062564397700091e-11 0.000000000000000000e+00 0.000000000000000000e+00 0.000000000000000000e+00 0.000000000000000000e+00
1.505000000000000000e+02 2.357310219757402555e-09 0.000000000000000000e+00 0.000000000000000000e+00 3.289044892871116728e-09 -3.236767134822434037e-09 0.000000000000000000e+00 0.000000000000000000e+00 0.000000000000000000e+00 0.000000000000000000e+00
2.005000000000000000e+02 2.111204745599238848e-09 0.000000000000000000e+00 0.000000000000000000e+00 -2.678421271222578335e-10 -1.330600511629491764e-09 0.000000000000000000e+00 0.000000000000000000e+00 0.000000000000000000e+00 0.000000000000000000e+00
2.505000000000000000e+02 1.193271248840249087e-09 0.000000000000000000e+00 0.000000000000000000e+00 -9.239667403441656011e-11 1.004451339821571278e-10 0.000000000000000000e+00 0.000000000000000000e+00 0.000000000000000000e+00 0.000000000000000000e+00
3.005000000000000000e+02 -5.792177665109881835e-09 0.000000000000000000e+00 0.000000000000000000e+00 -1.591496019165897941e-09 3.996429580622044900e-10 0.000000000000000000e+00 0.000000000000000000e+00 0.000000000000000000e+00 0.000000000000000000e+00
3.505000000000000000e+02 -8.431701457635487303e-10 0.000000000000000000e+00 0.000000000000000000e+00 -3.794355039664270909e-10 -5.715432818979372402e-11 0.000000000000000000e+00 0.000000000000000000e+00 0.000000000000000000e+00 0.000000000000000000e+00
4.005000000000000000e+02 -1.688304971722854741e-09 0.000000000000000000e+00 0.000000000000000000e+00 -1.118379840544990769e-10 1.117359283775402092e-09 0.000000000000000000e+00 0.000000000000000000e+00 0.000000000000000000e+00 0.000000000000000000e+00
4.505000000000000000e+02 -6.862294822188029882e-10 0.000000000000000000e+00 0.000000000000000000e+00 -6.720377775204496753e-11 -7.070833219065100771e-10 0.000000000000000000e+00 0.000000000000000000e+00 0.000000000000000000e+00 0.000000000000000000e+00
5.005000000000000000e+02 2.216113787753283096e-10 0.000000000000000000e+00 0.000000000000000000e+00 1.003507774723113641e-10 5.898830071784620137e-10 0.000000000000000000e+00 0.000000000000000000e+00 0.000000000000000000e+00 0.000000000000000000e+00
5.505000000000000000e+02 -2.968968753367904793e-10 0.000000000000000000e+00 0.000000000000000000e+00 6.869007448849255134e-10 -8.844254626182263569e-10 0.000000000000000000e+00 0.000000000000000000e+00 0.000000000000000000e+00 0.000000000000000000e+00
6.005000000000000000e+02 7.938823937731040495e-11 0.000000000000000000e+00 0.000000000000000000e+00 -9.460245257561328306e-10 6.242622710922762079e-11 0.000000000000000000e+00 0.000000000000000000e+00 0.000000000000000000e+00 0.000000000000000000e+00
6.505000000000000000e+02 -2.225587376317840531e-10 0.000000000000000000e+00 0.000000000000000000e+00 1.170164931004648966e-10 -7.707154759166375247e-14 0.000000000000000000e+00 0.000000000000000000e+00 0.000000000000000000e+00 0.000000000000000000e+00
7.005000000000000000e+02 -5.413391883458056837e-10 0.000000000000000000e+00 0.000000000000000000e+00 -2.670815768044345694e-11 9.087860130856145269e-11 0.000000000000000000e+00 0.000000000000000000e+00 0.000000000000000000e+00 0.000000000000000000e+00
7.505000000000000000e+02 4.112292003100370662e-11 0.000000000000000000e+00 0.000000000000000000e+00 -3.590152614148755278e-10 1.636147729421027080e-10 0.000000000000000000e+00 0.000000000000000000e+00 0.000000000000000000e+00 0.000000000000000000e+00
8.005000000000000000e+02 1.393923740759306663e-10 0.000000000000000000e+00 0.000000000000000000e+00 7.047123714938986554e-11 -1.373121894787452606e-10 0.000000000000000000e+00 0.000000000000000000e+00 0.000000000000000000e+00 0.000000000000000000e+00
8.505000000000000000e+02 -1.544722312826203048e-10 0.000000000000000000e+00 0.000000000000000000e+00 -4.494868954369814241e-11 -3.122126431094180969e-12 0.000000000000000000e+00 0.000000000000000000e+00 0.000000000000000000e+00 0.000000000000000000e+00
9.005000000000000000e+02 -6.724129655879301300e-11 0.000000000000000000e+00 0.000000000000000000e+00 1.853574168838825266e-10 -9.423540146014383434e-12 0.000000000000000000e+00 0.000000000000000000e+00 0.000000000000000000e+00 0.000000000000000000e+00
9.505000000000000000e+02 1.246859005790886189e-10 0.000000000000000000e+00 0.000000000000000000e+00 4.265799822109688524e-12 -5.876055552294184138e-11 0.000000000000000000e+00 0.000000000000000000e+00 0.000000000000000000e+00 0.000000000000000000e+00
1.000500000000000000e+03 -1.846259974492656523e-11 0.000000000000000000e+00 0.000000000000000000e+00 -2.797823178971915983e-11 -6.149834284129061441e-11 0.000000000000000000e+00 0.000000000000000000e+00 0.000000000000000000e+00 0.000000000000000000e+00
1.050500000000000000e+03 -7.527903340570208082e-11 0.000000000000000000e+00 0.000000000000000000e+00 9.556671393101007609e-11 -3.953362756236872188e-11 0.000000000000000000e+00 0.000000000000000000e+00 0.000000000000000000e+00 0.000000000000000000e+00
1.100500000000000000e+03 1.735064085644531847e-10 0.000000000000000000e+00 0.000000000000000000e+00 -8.391142772854113469e-11 -1.841619439091209924e-11 0.000000000000000000e+00 0.000000000000000000e+00 0.000000000000000000e+00 0.000000000000000000e+00
1.150500000000000000e+03 -1.651140188237158811e-10 0.000000000000000000e+00 0.000000000000000000e+00 -6.577027758900297117e-11 6.045514172645386990e-11 0.000000000000000000e+00 0.000000000000000000e+00 0.000000000000000000e+00 0.000000000000000000e+00
1.200500000000000000e+03 1.716918209296462225e-11 0.000000000000000000e+00 0.000000000000000000e+00 9.255399614993378782e-11 9.812157872060544678e-11 0.000000000000000000e+00 0.000000000000000000e+00 0.000000000000000000e+00 0.000000000000000000e+00
1.250500000000000000e+03 -2.282310198821913513e-10 0.000000000000000000e+00 0.000000000000000000e+00 -6.394603494930566905e-11 1.194332687473037302e-10 0.000000000000000000e+00 0.000000000000000000e+00 0.000000000000000000e+00 0.000000000000000000e+00
1.300500000000000000e+03 -5.210024034143535048e-11 0.000000000000000000e+00 0.000000000000000000e+00 1.544105582988501565e-10 -6.293039092165986542e-11 0.000000000000000000e+00 0.000000000000000000e+00 0.000000000000000000e+00 0.000000000000000000e+00
1.350500000000000000e+03 3.000236664920405273e-10 0.000000000000000000e+00 0.000000000000000000e+00 8.901937949769063492e-12 9.292423686410143467e-11 0.000000000000000000e+00 0.000000000000000000e+00 0.000000000000000000e+00 0.000000000000000000e+00
1.400500000000000000e+03 -4.348934333867944572e-10 0.000000000000000000e+00 0.000000000000000000e+00 4.122402247591300432e-11 9.079146974035540134e-12 0.000000000000000000e+00 0.000000000000000000e+00 0.000000000000000000e+00 0.000000000000000000e+00
1.450500000000000000e+03 -3.515990014408676124e-10 0.000000000000000000e+00 0.000000000000000000e+00 -7.201236424919258888e-13 -9.477015589710264704e-11 0.000000000000000000e+00 0.000000000000000000e+00 0.000000000000000000e+00 0.000000000000000000e+00
1.500500000000000000e+03 3.210740050745046240e-11 0.000000000000000000e+00 0.000000000000000000e+00 -1.270792253546937104e-12 6.782723361943577739e-11 0.000000000000000000e+00 0.000000000000000000e+00 0.000000000000000000e+00 0.000000000000000000e+00
1.550500000000000000e+03 -6.211064187527814822e-11 0.000000000000000000e+00 0.000000000000000000e+00 -7.505409430559085256e-11 -8.706790010173243838e-12 0.000000000000000000e+00 0.000000000000000000e+00 0.000000000000000000e+00 0.000000000000000000e+00
1.600500000000000000e+03 8.107886601491308169e-11 0.000000000000000000e+00 0.000000000000000000e+00 3.191183552612938760e-11 3.926526411635803964e-11 0.000000000000000000e+00 0.000000000000000000e+00 0.000000000000000000e+00 0.000000000000000000e+00
1.650500000000000000e+03 -4.775254977667822586e-11 0.000000000000000000e+00 0.000000000000000000e+00 2.140494201393331924e-11 -4.328657948870456402e-11 0.000000000000000000e+00 0.000000000000000000e+00 0.000000000000000000e+00 0.000000000000000000e+00
1.700500000000000000e+03 1.548184519015311529e-10 0.000000000000000000e+00 0.000000000000000000e+00 -3.355005021214985474e-11 6.309918826287948855e-11 0.000000000000000000e+00 0.000000000000000000e+00 0.000000000000000000e+00 0.000000000000000000e+00
1.750500000000000000e+03 -1.916586735595175261e-11 0.000000000000000000e+00 0.000000000000000000e+00 -2.716048189907895386e-11 2.810219271617076158e-12 0.000000000000000000e+00 0.000000000000000000e+00 0.000000000000000000e+00 0.000000000000000000e+00
1.800500000000000000e+03 8.300112383783056916e-11 0.000000000000000000e+00 0.000000000000000000e+00 -8.000543390019268880e-11 6.998084405807201740e-11 0.000000000000000000e+00 0.000000000000000000e+00 0.000000000000000000e+00 0.000000000000000000e+00
1.850500000000000000e+03 8.753596989645887110e-11 0.000000000000000000e+00 0.000000000000000000e+00 -2.088783212580069779e-11 -1.816656912628207149e-11 0.000000000000000000e+00 0.000000000000000000e+00 0.000000000000000000e+00 0.000000000000000000e+00
1.900500000000000000e+03 -4.058605529254177745e-11 0.000000000000000000e+00 0.000000000000000000e+00 -7.919572658625244270e-11 3.868981312015036820e-11 0.000000000000000000e+00 0.000000000000000000e+00 0.000000000000000000e+00 0.000000000000000000e+00
1.950500000000000000e+03 6.667953746798611081e-11 0.000000000000000000e+00 0.000000000000000000e+00 -1.483736480792487620e-11 2.313472382042598927e-11 0.000000000000000000e+00 0.000000000000000000e+00 0.000000000000000000e+00 0.000000000000000000e+00
2.000500000000000000e+03 3.575993255740971362e-12 0.000000000000000000e+00 0.000000000000000000e+00 1.341714155086518084e-11 1.101368738728672453e-12 0.000000000000000000e+00 0.000000000000000000e+00 0.000000000000000000e+00 0.000000000000000000e+00
2.075500000000000000e+03 -4.034461978998874057e-11 0.000000000000000000e+00 0.000000000000000000e+00 -6.112762054557319544e-12 7.533566472992468361e-12 0.000000000000000000e+00 0.000000000000000000e+00 0.000000000000000000e+00 0.000000000000000000e+00
2.175500000000000000e+03 -7.278318002489987488e-11 0.000000000000000000e+00 0.000000000000000000e+00 -1.030577148264888305e-11 -9.416684736105387348e-12 0.000000000000000000e+00 0.000000000000000000e+00 0.000000000000000000e+00 0.000000000000000000e+00
2.275500000000000000e+03 -2.567868542559007876e-11 0.000000000000000000e+00 0.000000000000000000e+00 9.356139550488549408e-13 4.427585029092022580e-12 0.000000000000000000e+00 0.000000000000000000e+00 0.000000000000000000e+00 0.000000000000000000e+00
2.375500000000000000e+03 -1.874449051734419598e-11 0.000000000000000000e+00 0.000000000000000000e+00 1.670512238790434953e-11 -1.388592907820941903e-12 0.000000000000000000e+00 0.000000000000000000e+00 0.000000000000000000e+00 0.000000000000000000e+00
2.475500000000000000e+03 -1.781353959979621854e-11 0.000000000000000000e+00 0.000000000000000000e+00 3.800221408024934049e-12 7.975838191241764258e-12 0.000000000000000000e+00 0.000000000000000000e+00 0.000000000000000000e+00 0.000000000000000000e+00
2.625500000000000000e+03 -5.427195025219102386e-12 0.000000000000000000e+00 0.000000000000000000e+00 6.169662362149037058e-12 8.914800909062794814e-12 0.000000000000000000e+00 0.000000000000000000e+00 0.000000000000000000e+00 0.000000000000000000e+00
2.825500000000000000e+03 8.953217746522703963e-12 0.000000000000000000e+00 0.000000000000000000e+00 -5.789205608971000896e-14 -1.032148002179416639e-11 0.000000000000000000e+00 0.000000000000000000e+00 0.000000000000000000e+00 0.000000000000000000e+00
3.025500000000000000e+03 4.687928776120064081e-11 0.000000000000000000e+00 0.000000000000000000e+00 -6.727153180172763744e-12 -2.171967909481324403e-11 0.000000000000000000e+00 0.000000000000000000e+00 0.000000000000000000e+00 0.000000000000000000e+00
3.325500000000000000e+03 -1.394299680146130546e-12 0.000000000000000000e+00 0.000000000000000000e+00 -2.276983860648518631e-12 2.913726715749669980e-12 0.000000000000000000e+00 0.000000000000000000e+00 0.000000000000000000e+00 0.000000000000000000e+00
3.725500000000000000e+03 1.754421201126124813e-12 0.000000000000000000e+00 0.000000000000000000e+00 -5.897080657516653358e-12 -4.996828278780651445e-13 0.000000000000000000e+00 0.000000000000000000e+00 0.000000000000000000e+00 0.000000000000000000e+00
4.125500000000000000e+03 4.358290953189011225e-12 0.000000000000000000e+00 0.000000000000000000e+00 -3.351056304281859592e-12 3.538452359608838448e-12 0.000000000000000000e+00 0.000000000000000000e+00 0.000000000000000000e+00 0.000000000000000000e+00
4.525500000000000000e+03 2.964282560617709068e-11 0.000000000000000000e+00 0.000000000000000000e+00 4.120813270293817661e-12 1.071923052939402750e-12 0.000000000000000000e+00 0.000000000000000000e+00 0.000000000000000000e+00 0.000000000000000000e+00
4.925500000000000000e+03 4.187964393187097304e-12 0.000000000000000000e+00 0.000000000000000000e+00 -5.259546720511614465e-12 5.987430252455118716e-12 0.000000000000000000e+00 0.000000000000000000e+00 0.000000000000000000e+00 0.000000000000000000e+00
5.325500000000000000e+03 1.087122668515935394e-12 0.000000000000000000e+00 0.000000000000000000e+00 -2.776241404304529155e-13 -4.435230081466590984e-12 0.000000000000000000e+00 0.000000000000000000e+00 0.000000000000000000e+00 0.000000000000000000e+00
5.725500000000000000e+03 -2.750905733841437909e-12 0.000000000000000000e+00 0.000000000000000000e+00 -1.441645349596529896e-12 -2.336409828763917394e-12 0.000000000000000000e+00 0.000000000000000000e+00 0.000000000000000000e+00 0.000000000000000000e+00
6.125500000000000000e+03 -3.263734704027292143e-12 0.000000000000000000e+00 0.000000000000000000e+00 -8.253083470751827561e-13 5.639720663000971057e-12 0.000000000000000000e+00 0.000000000000000000e+00 0.000000000000000000e+00 0.000000000000000000e+00
6.725500000000000000e+03 2.758387411904149699e-12 0.000000000000000000e+00 0.000000000000000000e+00 4.665306471418264352e-12 -8.095496655573297471e-13 0.000000000000000000e+00 0.000000000000000000e+00 0.000000000000000000e+00 0.000000000000000000e+00
7.525500000000000000e+03 -8.255557279986872647e-13 0.000000000000000000e+00 0.000000000000000000e+00 -5.829527155811815485e-13 -5.512669720224270544e-15 0.000000000000000000e+00 0.000000000000000000e+00 0.000000000000000000e+00 0.000000000000000000e+00
