# l Dl_TT Dl_TE Dl_TB Dl_ET Dl_BT Dl_EE Dl_EB Dl_BE Dl_BB
6.350000000000000000e+01 9.405610805950156831e-05 0.000000000000000000e+00 0.000000000000000000e+00 4.760123268367880614e-10 -3.899001424825148095e-07 0.000000000000000000e+00 0.000000000000000000e+00 0.000000000000000000e+00 0.000000000000000000e+00
1.505000000000000000e+02 2.843638303793506088e-04 0.000000000000000000e+00 0.000000000000000000e+00 9.655144822905286222e-07 -3.871721352715639586e-06 0.000000000000000000e+00 0.000000000000000000e+00 0.000000000000000000e+00 0.000000000000000000e+00
2.005000000000000000e+02 3.431607727832485400e-04 0.000000000000000000e+00 0.000000000000000000e+00 -4.917918351896784415e-06 -3.437467907412626449e-06 0.000000000000000000e+00 0.000000000000000000e+00 0.000000000000000000e+00 0.000000000000000000e+00
2.505000000000000000e+02 2.992626837646940167e-04 0.000000000000000000e+00 0.000000000000000000e+00 -3.978173816347094487e-07 3.997589392246811970e-06 0.000000000000000000e+00 0.000000000000000000e+00 0.000000000000000000e+00 0.000000000000000000e+00
3.005000000000000000e+02 3.312533475788406495e-04 0.000000000000000000e+00 0.000000000000000000e+00 -1.752379006415900873e-07 3.885288619669927885e-06 0.000000000000000000e+00 0.000000000000000000e+00 0.000000000000000000e+00 0.000000000000000000e+00
3.505000000000000000e+02 3.830766226074308785e-04 0.000000000000000000e+00 0.000000000000000000e+00 5.145935921875609623e-06 2.739845766846742210e-06 0.000000000000000000e+00 0.000000000000000000e+00 0.000000000000000000e+00 0.000000000000000000e+00
4.005000000000000000e+02 5.221144415985504335e-04 0.000000000000000000e+00 0.000000000000000000e+00 3.990494670216512309e-06 -2.411136361299344578e-06 0.000000000000000000e+00 0.000000000000000000e+00 0.000000000000000000e+00 0.000000000000000000e+00
4.505000000000000000e+02 5.803450565908227542e-04 0.000000000000000000e+00 0.000000000000000000e+00 2.200460776327833046e-06 1.351387036713784157e-06 0.000000000000000000e+00 0.000000000000000000e+00 0.000000000000000000e+00 0.000000000000000000e+00
5.005000000000000000e+02 7.479502463023601734e-04 0.000000000000000000e+00 0.000000000000000000e+00 6.881385804058307682e-06 -2.265457515956402579e-06 0.000000000000000000e+00 0.000000000000000000e+00 0.000000000000000000e+00 0.000000000000000000e+00
5.505000000000000000e+02 4.029864144233310814e-04 0.000000000000000000e+00 0.000000000000000000e+00 2.890798620757925076e-06 -3.097500473083346677e-06 0.000000000000000000e+00 0.000000000000000000e+00 0.000000000000000000e+00 0.000000000000000000e+00
6.005000000000000000e+02 7.532593060558776281e-04 0.000000000000000000e+00 0.000000000000000000e+00 4.898679049268300141e-06 4.405386304462347504e-06 0.000000000000000000e+00 0.000000000000000000e+00 0.000000000000000000e+00 0.000000000000000000e+00
6.505000000000000000e+02 3.128062123990569469e-04 0.000000000000000000e+00 0.000000000000000000e+00 5.059946734972237917e-06 -6.328172538159123551e-06 0.000000000000000000e+00 0.000000000000000000e+00 0.000000000000000000e+00 0.000000000000000000e+00
7.005000000000000000e+02 8.690057336067826942e-04 0.000000000000000000e+00 0.000000000000000000e+00 -7.409504223100384126e-06 -1.058408308455016406e-05 0.000000000000000000e+00 0.000000000000000000e+00 0.000000000000000000e+00 0.000000000000000000e+00
7.505000000000000000e+02 7.342910678224322208e-04 0.000000000000000000e+00 0.000000000000000000e+00 -1.563059677815425557e-05 2.052668011189744864e-07 0.000000000000000000e+00 0.000000000000000000e+00 0.000000000000000000e+00 0.000000000000000000e+00
8.005000000000000000e+02 1.519187303760858882e-03 0.000000000000000000e+00 0.000000000000000000e+00 -5.571852165073034548e-06 2.780379836709332968e-05 0.000000000000000000e+00 0.000000000000000000e+00 0.000000000000000000e+00 0.000000000000000000e+00
8.505000000000000000e+02 1.474746043911339928e-03 0.000000000000000000e+00 0.000000000000000000e+00 1.894061706951629491e-05 -8.193434113393640515e-06 0.000000000000000000e+00 0.000000000000000000e+00 0.000000000000000000e+00 0.000000000000000000e+00
9.005000000000000000e+02 9.317193325110549465e-04 0.000000000000000000e+00 0.000000000000000000e+00 1.801322446725986515e-05 1.841264722449222090e-05 0.000000000000000000e+00 0.000000000000000000e+00 0.000000000000000000e+00 0.000000000000000000e+00
9.505000000000000000e+02 1.693370102324919186e-03 0.000000000000000000e+00 0.000000000000000000e+00 -6.479943997990955526e-06 -8.577860397640225493e-06 0.000000000000000000e+00 0.000000000000000000e+00 0.000000000000000000e+00 0.000000000000000000e+00
1.000500000000000000e+03 9.375611600271458899e-04 0.000000000000000000e+00 0.000000000000000000e+00 5.656555149218349862e-06 -3.809512794854754229e-06 0.000000000000000000e+00 0.000000000000000000e+00 0.000000000000000000e+00 0.000000000000000000e+00
1.050500000000000000e+03 1.283218437746138849e-03 0.000000000000000000e+00 0.000000000000000000e+00 1.555263679913318592e-05 -1.399548182225820402e-05 0.000000000000000000e+00 0.000000000000000000e+00 0.000000000000000000e+00 0.000000000000000000e+00
1.100500000000000000e+03 1.200842337065905060e-03 0.000000000000000000e+00 0.000000000000000000e+00 1.363493576103950235e-05 2.249752084560029678e-06 0.000000000000000000e+00 0.000000000000000000e+00 0.000000000000000000e+00 0.000000000000000000e+00
1.150500000000000000e+03 8.167664340691838283e-04 0.000000000000000000e+00 0.000000000000000000e+00 -7.360208595227034695e-06 -1.661169716597471078e-05 0.000000000000000000e+00 0.000000000000000000e+00 0.000000000000000000e+00 0.000000000000000000e+00
1.200500000000000000e+03 1.397365551854123401e-03 0.000000000000000000e+00 0.000000000000000000e+00 1.411311455177335249e-05 5.762894366231167591e-06 0.000000000000000000e+00 0.000000000000000000e+00 0.000000000000000000e+00 0.000000000000000000e+00
1.250500000000000000e+03 1.004875819883271426e-03 0.000000000000000000e+00 0.000000000000000000e+00 2.073837660649863177e-05 3.164055378172596979e-06 0.000000000000000000e+00 0.000000000000000000e+00 0.000000000000000000e+00 0.000000000000000000e+00
1.300500000000000000e+03 1.150258566607680185e-03 0.000000000000000000e+00 0.000000000000000000e+00 -6.673896158072725612e-07 -9.547729936746822429e-06 0.000000000000000000e+00 0.000000000000000000e+00 0.000000000000000000e+00 0.000000000000000000e+00
1.350500000000000000e+03 1.386258447075117183e-03 0.000000000000000000e+00 0.000000000000000000e+00 2.587853559724399369e-05 -2.244406115763060967e-05 0.000000000000000000e+00 0.000000000000000000e+00 0.000000000000000000e+00 0.000000000000000000e+00
1.400500000000000000e+03 1.534393203460339503e-03 0.000000000000000000e+00 0.000000000000000000e+00 -6.614855085477267907e-06 -2.024061619074085767e-06 0.000000000000000000e+00 0.000000000000000000e+00 0.000000000000000000e+00 0.000000000000000000e+00
1.450500000000000000e+03 1.726102487591200897e-03 0.000000000000000000e+00 0.000000000000000000e+00 2.481575002123941252e-05 7.756941978906543606e-06 0.000000000000000000e+00 0.000000000000000000e+00 0.000000000000000000e+00 0.000000000000000000e+00
1.500500000000000000e+03 1.165792371237370836e-03 0.000000000000000000e+00 0.000000000000000000e+00 -7.438741233360319766e-07 -1.692759964014977904e-05 0.000000000000000000e+00 0.000000000000000000e+00 0.000000000000000000e+00 0.000000000000000000e+00
1.550500000000000000e+03 1.566517703366129355e-03 0.000000000000000000e+00 0.000000000000000000e+00 -9.258276607527283407e-06 -7.460750524340524704e-08 0.000000000000000000e+00 0.000000000000000000e+00 0.000000000000000000e+00 0.000000000000000000e+00
1.600500000000000000e+03 6.142283837874099213e-04 0.000000000000000000e+00 0.000000000000000000e+00 -1.222079937361249048e-06 7.573534445316293014e-06 0.000000000000000000e+00 0.000000000000000000e+00 0.000000000000000000e+00 0.000000000000000000e+00
1.650500000000000000e+03 3.088886901172949086e-03 0.000000000000000000e+00 0.000000000000000000e+00 -2.157432764646576899e-05 8.955390534862125824e-06 0.000000000000000000e+00 0.000000000000000000e+00 0.000000000000000000e+00 0.000000000000000000e+00
1.700500000000000000e+03 1.710958355459171916e-03 0.000000000000000000e+00 0.000000000000000000e+00 2.967816390840625630e-05 7.868012987903155324e-06 0.000000000000000000e+00 0.000000000000000000e+00 0.000000000000000000e+00 0.000000000000000000e+00
1.750500000000000000e+03 1.416482631192745797e-03 0.000000000000000000e+00 0.000000000000000000e+00 -1.732204524299373304e-05 6.605026610274336068e-08 0.000000000000000000e+00 0.000000000000000000e+00 0.000000000000000000e+00 0.000000000000000000e+00
1.800500000000000000e+03 1.778435190672555954e-03 0.000000000000000000e+00 0.000000000000000000e+00 3.370047824771428242e-06 -7.039233813424795523e-06 0.000000000000000000e+00 0.000000000000000000e+00 0.000000000000000000e+00 0.000000000000000000e+00
1.850500000000000000e+03 1.319563191705867269e-03 0.000000000000000000e+00 0.000000000000000000e+00 3.198244989897977840e-05 -3.342483695307769435e-06 0.000000000000000000e+00 0.000000000000000000e+00 0.000000000000000000e+00 0.000000000000000000e+00
1.900500000000000000e+03 1.572330558409268733e-03 0.000000000000000000e+00 0.000000000000000000e+00 5.992163401696230059e-07 -1.693900801172066272e-05 0.000000000000000000e+00 0.000000000000000000e+00 0.000000000000000000e+00 0.000000000000000000e+00
1.950500000000000000e+03 7.015786227095019206e-04 0.000000000000000000e+00 0.000000000000000000e+00 -6.618270434726137545e-06 -2.071493398714376459e-05 0.000000000000000000e+00 0.000000000000000000e+00 0.000000000000000000e+00 0.000000000000000000e+00
2.000500000000000000e+03 1.087157088118225444e-03 0.000000000000000000e+00 0.000000000000000000e+00 -1.763817351244655620e-06 -8.714966072412054586e-06 0.000000000000000000e+00 0.000000000000000000e+00 0.000000000000000000e+00 0.000000000000000000e+00
2.075500000000000000e+03 2.016080541553531575e-03 0.000000000000000000e+00 0.000000000000000000e+00 1.912943847187798594e-07 1.173005131905961233e-05 0.000000000000000000e+00 0.000000000000000000e+00 0.000000000000000000e+00 0.000000000000000000e+00
2.175500000000000000e+03 2.139230180272018011e-03 0.000000000000000000e+00 0.000000000000000000e+00 1.128110043168802014e-05 -4.774996437077931810e-06 0.000000000000000000e+00 0.000000000000000000e+00 0.000000000000000000e+00 0.000000000000000000e+00
2.275500000000000000e+03 1.393530505851429784e-03 0.000000000000000000e+00 0.000000000000000000e+00 -1.901362382322600541e-05 7.545973274859919366e-06 0.000000000000000000e+00 0.000000000000000000e+00 0.000000000000000000e+00 0.000000000000000000e+00
2.375500000000000000e+03 1.945600330576001923e-03 0.000000000000000000e+00 0.000000000000000000e+00 4.710118580540586668e-06 -1.082046293437920644e-07 0.000000000000000000e+00 0.000000000000000000e+00 0.000000000000000000e+00 0.000000000000000000e+00
2.475500000000000000e+03 2.262764607637155010e-03 0.000000000000000000e+00 0.000000000000000000e+00 -1.640971485757735353e-05 -2.556969711941480515e-05 0.000000000000000000e+00 0.000000000000000000e+00 0.000000000000000000e+00 0.000000000000000000e+00
2.625500000000000000e+03 2.478912148968381683e-03 0.000000000000000000e+00 0.000000000000000000e+00 3.577218523158657307e-07 -2.822802749055076005e-07 0.000000000000000000e+00 0.000000000000000000e+00 0.000000000000000000e+00 0.000000000000000000e+00
2.825500000000000000e+03 2.333282639974786164e-03 0.000000000000000000e+00 0.000000000000000000e+00 -1.413411099644170268e-06 1.251210022074071123e-05 0.000000000000000000e+00 0.000000000000000000e+00 0.000000000000000000e+00 0.000000000000000000e+00
3.025500000000000000e+03 2.119608332476303255e-03 0.000000000000000000e+00 0.000000000000000000e+00 -2.313136217358433843e-05 5.179192259095936943e-06 0.000000000000000000e+00 0.000000000000000000e+00 0.000000000000000000e+00 0.000000000000000000e+00
3.325500000000000000e+03 2.471976408694151299e-03 0.000000000000000000e+00 0.000000000000000000e+00 -2.654430781809328236e-06 -2.121774597739057237e-06 0.000000000000000000e+00 0.000000000000000000e+00 0.000000000000000000e+00 0.000000000000000000e+00
3.725500000000000000e+03 1.992033674904583433e-03 0.000000000000000000e+00 0.000000000000000000e+00 3.836676940924439515e-07 1.873325069238129117e-05 0.000000000000000000e+00 0.000000000000000000e+00 0.000000000000000000e+00 0.000000000000000000e+00
4.125500000000000000e+03 2.311849452445656396e-03 0.000000000000000000e+00 0.000000000000000000e+00 1.644022354899746772e-05 -4.165675128391379380e-06 0.000000000000000000e+00 0.000000000000000000e+00 0.000000000000000000e+00 0.000000000000000000e+00
4.525500000000000000e+03 1.904244610416111136e-03 0.000000000000000000e+00 0.000000000000000000e+00 1.452431514537584312e-06 -1.050703877314158948e-06 0.000000000000000000e+00 0.000000000000000000e+00 0.000000000000000000e+00 0.000000000000000000e+00
4.925500000000000000e+03 1.768989061960232409e-03 0.000000000000000000e+00 0.000000000000000000e+00 -1.690599489661561435e-07 2.793972580022500066e-06 0.000000000000000000e+00 0.000000000000000000e+00 0.000000000000000000e+00 0.000000000000000000e+00
5.325500000000000000e+03 2.146744266602795305e-03 0.000000000000000000e+00 0.000000000000000000e+00 -5.204328361456099660e-07 -1.424885369620834281e-05 0.000000000000000000e+00 0.000000000000000000e+00 0.000000000000000000e+00 0.000000000000000000e+00
5.725500000000000000e+03 1.766127655327616756e-03 0.000000000000000000e+00 0.000000000000000000e+00 6.835970271129078197e-06 -7.157771888429369455e-06 0.000000000000000000e+00 0.000000000000000000e+00 0.000000000000000000e+00 0.000000000000000000e+00
6.125500000000000000e+03 1.626328456266351108e-03 0.000000000000000000e+00 0.000000000000000000e+00 1.036864248951686670e-05 3.719996261084584552e-06 0.000000000000000000e+00 0.000000000000000000e+00 0.000000000000000000e+00 0.000000000000000000e+00
6.725500000000000000e+03 1.759189157239830293e-03 0.000000000000000000e+00 0.000000000000000000e+00 4.090523781890290736e-06 5.125641177597481237e-06 0.000000000000000000e+00 0.000000000000000000e+00 0.000000000000000000e+00 0.000000000000000000e+00
7.525500000000000000e+03 1.857432874409245538e-03 0.000000000000000000e+00 0.000000000000000000e+00 9.352971227856671107e-07 -4.818386691390137026e-06 0.000000000000000000e+00 0.000000000000000000e+00 0.000000000000000000e+00 0.000000000000000000e+00
