2.000000000000000000e+00 1.200000000000000000e+02 6.100000000000000000e+01
1.210000000000000000e+02 1.510000000000000000e+02 1.360000000000000000e+02
1.520000000000000000e+02 1.820000000000000000e+02 1.670000000000000000e+02
1.830000000000000000e+02 2.130000000000000000e+02 1.980000000000000000e+02
2.140000000000000000e+02 2.440000000000000000e+02 2.290000000000000000e+02
2.450000000000000000e+02 2.750000000000000000e+02 2.600000000000000000e+02
2.760000000000000000e+02 3.060000000000000000e+02 2.910000000000000000e+02
3.070000000000000000e+02 3.370000000000000000e+02 3.220000000000000000e+02
3.380000000000000000e+02 3.680000000000000000e+02 3.530000000000000000e+02
3.690000000000000000e+02 3.990000000000000000e+02 3.840000000000000000e+02
4.000000000000000000e+02 4.300000000000000000e+02 4.150000000000000000e+02
4.310000000000000000e+02 4.610000000000000000e+02 4.460000000000000000e+02
4.620000000000000000e+02 4.920000000000000000e+02 4.770000000000000000e+02
4.930000000000000000e+02 5.230000000000000000e+02 5.080000000000000000e+02
5.240000000000000000e+02 5.540000000000000000e+02 5.390000000000000000e+02
5.550000000000000000e+02 5.850000000000000000e+02 5.700000000000000000e+02
5.860000000000000000e+02 6.160000000000000000e+02 6.010000000000000000e+02
6.170000000000000000e+02 6.470000000000000000e+02 6.320000000000000000e+02
6.480000000000000000e+02 6.780000000000000000e+02 6.630000000000000000e+02
6.790000000000000000e+02 7.090000000000000000e+02 6.940000000000000000e+02
7.100000000000000000e+02 7.400000000000000000e+02 7.250000000000000000e+02
7.410000000000000000e+02 7.710000000000000000e+02 7.560000000000000000e+02
7.720000000000000000e+02 8.020000000000000000e+02 7.870000000000000000e+02
8.030000000000000000e+02 8.330000000000000000e+02 8.180000000000000000e+02
8.340000000000000000e+02 8.640000000000000000e+02 8.490000000000000000e+02
8.650000000000000000e+02 8.950000000000000000e+02 8.800000000000000000e+02
8.960000000000000000e+02 9.260000000000000000e+02 9.110000000000000000e+02
9.270000000000000000e+02 9.570000000000000000e+02 9.420000000000000000e+02
9.580000000000000000e+02 9.880000000000000000e+02 9.730000000000000000e+02
9.890000000000000000e+02 1.019000000000000000e+03 1.004000000000000000e+03
1.020000000000000000e+03 1.050000000000000000e+03 1.035000000000000000e+03
1.051000000000000000e+03 1.081000000000000000e+03 1.066000000000000000e+03
1.082000000000000000e+03 1.112000000000000000e+03 1.097000000000000000e+03
1.113000000000000000e+03 1.143000000000000000e+03 1.128000000000000000e+03
1.144000000000000000e+03 1.174000000000000000e+03 1.159000000000000000e+03
1.175000000000000000e+03 1.205000000000000000e+03 1.190000000000000000e+03
1.206000000000000000e+03 1.236000000000000000e+03 1.221000000000000000e+03
1.237000000000000000e+03 1.267000000000000000e+03 1.252000000000000000e+03
1.268000000000000000e+03 1.298000000000000000e+03 1.283000000000000000e+03
1.299000000000000000e+03 1.329000000000000000e+03 1.314000000000000000e+03
1.330000000000000000e+03 1.360000000000000000e+03 1.345000000000000000e+03
1.361000000000000000e+03 1.391000000000000000e+03 1.376000000000000000e+03
1.392000000000000000e+03 1.422000000000000000e+03 1.407000000000000000e+03
1.423000000000000000e+03 1.453000000000000000e+03 1.438000000000000000e+03
1.454000000000000000e+03 1.484000000000000000e+03 1.469000000000000000e+03
1.485000000000000000e+03 1.515000000000000000e+03 1.500000000000000000e+03
1.516000000000000000e+03 1.546000000000000000e+03 1.531000000000000000e+03
1.547000000000000000e+03 1.577000000000000000e+03 1.562000000000000000e+03
1.578000000000000000e+03 1.608000000000000000e+03 1.593000000000000000e+03
1.609000000000000000e+03 1.639000000000000000e+03 1.624000000000000000e+03
1.640000000000000000e+03 1.670000000000000000e+03 1.655000000000000000e+03
1.671000000000000000e+03 1.701000000000000000e+03 1.686000000000000000e+03
1.702000000000000000e+03 1.732000000000000000e+03 1.717000000000000000e+03
1.733000000000000000e+03 1.763000000000000000e+03 1.748000000000000000e+03
1.764000000000000000e+03 1.794000000000000000e+03 1.779000000000000000e+03
1.795000000000000000e+03 1.825000000000000000e+03 1.810000000000000000e+03
1.826000000000000000e+03 1.856000000000000000e+03 1.841000000000000000e+03
1.857000000000000000e+03 1.887000000000000000e+03 1.872000000000000000e+03
1.888000000000000000e+03 1.918000000000000000e+03 1.903000000000000000e+03
1.919000000000000000e+03 1.949000000000000000e+03 1.934000000000000000e+03
1.950000000000000000e+03 1.980000000000000000e+03 1.965000000000000000e+03
1.981000000000000000e+03 2.011000000000000000e+03 1.996000000000000000e+03
2.012000000000000000e+03 2.042000000000000000e+03 2.027000000000000000e+03
2.043000000000000000e+03 2.073000000000000000e+03 2.058000000000000000e+03
2.074000000000000000e+03 2.104000000000000000e+03 2.089000000000000000e+03
2.105000000000000000e+03 2.135000000000000000e+03 2.120000000000000000e+03
2.136000000000000000e+03 2.166000000000000000e+03 2.151000000000000000e+03
2.167000000000000000e+03 2.197000000000000000e+03 2.182000000000000000e+03
2.198000000000000000e+03 2.228000000000000000e+03 2.213000000000000000e+03
2.229000000000000000e+03 2.259000000000000000e+03 2.244000000000000000e+03
2.260000000000000000e+03 2.290000000000000000e+03 2.275000000000000000e+03
2.291000000000000000e+03 2.321000000000000000e+03 2.306000000000000000e+03
2.322000000000000000e+03 2.352000000000000000e+03 2.337000000000000000e+03
2.353000000000000000e+03 2.383000000000000000e+03 2.368000000000000000e+03
2.384000000000000000e+03 2.414000000000000000e+03 2.399000000000000000e+03
2.415000000000000000e+03 2.445000000000000000e+03 2.430000000000000000e+03
2.446000000000000000e+03 2.476000000000000000e+03 2.461000000000000000e+03
2.477000000000000000e+03 2.507000000000000000e+03 2.492000000000000000e+03
2.508000000000000000e+03 2.538000000000000000e+03 2.523000000000000000e+03
2.539000000000000000e+03 2.569000000000000000e+03 2.554000000000000000e+03
2.570000000000000000e+03 2.600000000000000000e+03 2.585000000000000000e+03
2.601000000000000000e+03 2.631000000000000000e+03 2.616000000000000000e+03
2.632000000000000000e+03 2.662000000000000000e+03 2.647000000000000000e+03
2.663000000000000000e+03 2.723000000000000000e+03 2.693000000000000000e+03
2.724000000000000000e+03 2.784000000000000000e+03 2.754000000000000000e+03
2.785000000000000000e+03 2.845000000000000000e+03 2.815000000000000000e+03
2.846000000000000000e+03 2.906000000000000000e+03 2.876000000000000000e+03
2.907000000000000000e+03 2.967000000000000000e+03 2.937000000000000000e+03
2.968000000000000000e+03 3.028000000000000000e+03 2.998000000000000000e+03
3.029000000000000000e+03 3.089000000000000000e+03 3.059000000000000000e+03
3.090000000000000000e+03 3.150000000000000000e+03 3.120000000000000000e+03
3.151000000000000000e+03 3.211000000000000000e+03 3.181000000000000000e+03
3.212000000000000000e+03 3.272000000000000000e+03 3.242000000000000000e+03
3.273000000000000000e+03 3.333000000000000000e+03 3.303000000000000000e+03
3.334000000000000000e+03 3.394000000000000000e+03 3.364000000000000000e+03
3.395000000000000000e+03 3.455000000000000000e+03 3.425000000000000000e+03
3.456000000000000000e+03 3.516000000000000000e+03 3.486000000000000000e+03
3.517000000000000000e+03 3.577000000000000000e+03 3.547000000000000000e+03
3.578000000000000000e+03 3.638000000000000000e+03 3.608000000000000000e+03
3.639000000000000000e+03 3.699000000000000000e+03 3.669000000000000000e+03
3.700000000000000000e+03 3.760000000000000000e+03 3.730000000000000000e+03
3.761000000000000000e+03 3.821000000000000000e+03 3.791000000000000000e+03
3.822000000000000000e+03 3.882000000000000000e+03 3.852000000000000000e+03
3.883000000000000000e+03 4.003000000000000000e+03 3.943000000000000000e+03
4.004000000000000000e+03 4.124000000000000000e+03 4.064000000000000000e+03
4.125000000000000000e+03 4.245000000000000000e+03 4.185000000000000000e+03
4.246000000000000000e+03 4.366000000000000000e+03 4.306000000000000000e+03
4.367000000000000000e+03 4.487000000000000000e+03 4.427000000000000000e+03
4.488000000000000000e+03 4.608000000000000000e+03 4.548000000000000000e+03
4.609000000000000000e+03 4.729000000000000000e+03 4.669000000000000000e+03
4.730000000000000000e+03 4.850000000000000000e+03 4.790000000000000000e+03
4.851000000000000000e+03 4.971000000000000000e+03 4.911000000000000000e+03
4.972000000000000000e+03 5.092000000000000000e+03 5.032000000000000000e+03
5.093000000000000000e+03 5.213000000000000000e+03 5.153000000000000000e+03
5.214000000000000000e+03 5.334000000000000000e+03 5.274000000000000000e+03
5.335000000000000000e+03 5.455000000000000000e+03 5.395000000000000000e+03
5.456000000000000000e+03 5.576000000000000000e+03 5.516000000000000000e+03
5.577000000000000000e+03 5.697000000000000000e+03 5.637000000000000000e+03
5.698000000000000000e+03 5.818000000000000000e+03 5.758000000000000000e+03
5.819000000000000000e+03 5.939000000000000000e+03 5.879000000000000000e+03
5.940000000000000000e+03 6.060000000000000000e+03 6.000000000000000000e+03
6.061000000000000000e+03 6.181000000000000000e+03 6.121000000000000000e+03
6.182000000000000000e+03 6.302000000000000000e+03 6.242000000000000000e+03
6.303000000000000000e+03 6.423000000000000000e+03 6.363000000000000000e+03
6.424000000000000000e+03 6.544000000000000000e+03 6.484000000000000000e+03
6.545000000000000000e+03 6.665000000000000000e+03 6.605000000000000000e+03
6.666000000000000000e+03 6.786000000000000000e+03 6.726000000000000000e+03
6.787000000000000000e+03 6.907000000000000000e+03 6.847000000000000000e+03
6.908000000000000000e+03 7.028000000000000000e+03 6.968000000000000000e+03
7.029000000000000000e+03 7.149000000000000000e+03 7.089000000000000000e+03
7.150000000000000000e+03 7.270000000000000000e+03 7.210000000000000000e+03
7.271000000000000000e+03 7.391000000000000000e+03 7.331000000000000000e+03
7.392000000000000000e+03 7.512000000000000000e+03 7.452000000000000000e+03
7.513000000000000000e+03 7.633000000000000000e+03 7.573000000000000000e+03
7.634000000000000000e+03 7.754000000000000000e+03 7.694000000000000000e+03
7.755000000000000000e+03 7.875000000000000000e+03 7.815000000000000000e+03
7.876000000000000000e+03 7.996000000000000000e+03 7.936000000000000000e+03
7.997000000000000000e+03 8.117000000000000000e+03 8.057000000000000000e+03
8.118000000000000000e+03 8.238000000000000000e+03 8.178000000000000000e+03
8.239000000000000000e+03 8.359000000000000000e+03 8.299000000000000000e+03
8.360000000000000000e+03 8.480000000000000000e+03 8.420000000000000000e+03
8.481000000000000000e+03 8.601000000000000000e+03 8.541000000000000000e+03
8.602000000000000000e+03 8.722000000000000000e+03 8.662000000000000000e+03
8.723000000000000000e+03 8.843000000000000000e+03 8.783000000000000000e+03
8.844000000000000000e+03 8.964000000000000000e+03 8.904000000000000000e+03
8.965000000000000000e+03 9.085000000000000000e+03 9.025000000000000000e+03
9.086000000000000000e+03 9.206000000000000000e+03 9.146000000000000000e+03
9.207000000000000000e+03 9.327000000000000000e+03 9.267000000000000000e+03
9.328000000000000000e+03 9.448000000000000000e+03 9.388000000000000000e+03
9.449000000000000000e+03 9.569000000000000000e+03 9.509000000000000000e+03
9.570000000000000000e+03 9.690000000000000000e+03 9.630000000000000000e+03
9.691000000000000000e+03 9.811000000000000000e+03 9.751000000000000000e+03
9.812000000000000000e+03 9.932000000000000000e+03 9.872000000000000000e+03
9.933000000000000000e+03 1.005300000000000000e+04 9.993000000000000000e+03
1.005400000000000000e+04 1.017400000000000000e+04 1.011400000000000000e+04
1.017500000000000000e+04 1.029500000000000000e+04 1.023500000000000000e+04
1.029600000000000000e+04 1.041600000000000000e+04 1.035600000000000000e+04
1.041700000000000000e+04 1.053700000000000000e+04 1.047700000000000000e+04
1.053800000000000000e+04 1.065800000000000000e+04 1.059800000000000000e+04
1.065900000000000000e+04 1.077900000000000000e+04 1.071900000000000000e+04
1.078000000000000000e+04 1.090000000000000000e+04 1.084000000000000000e+04
1.090100000000000000e+04 1.102100000000000000e+04 1.096100000000000000e+04
1.102200000000000000e+04 1.114200000000000000e+04 1.108200000000000000e+04
1.114300000000000000e+04 1.126300000000000000e+04 1.120300000000000000e+04
1.126400000000000000e+04 1.138400000000000000e+04 1.132400000000000000e+04
1.138500000000000000e+04 1.150500000000000000e+04 1.144500000000000000e+04
1.150600000000000000e+04 1.162600000000000000e+04 1.156600000000000000e+04
1.162700000000000000e+04 1.174700000000000000e+04 1.168700000000000000e+04
1.174800000000000000e+04 1.186800000000000000e+04 1.180800000000000000e+04
1.186900000000000000e+04 1.198900000000000000e+04 1.192900000000000000e+04
1.199000000000000000e+04 1.211000000000000000e+04 1.205000000000000000e+04
1.211100000000000000e+04 1.223100000000000000e+04 1.217100000000000000e+04
1.223200000000000000e+04 1.235200000000000000e+04 1.229200000000000000e+04
1.235300000000000000e+04 1.247300000000000000e+04 1.241300000000000000e+04
1.247400000000000000e+04 1.259400000000000000e+04 1.253400000000000000e+04
1.259500000000000000e+04 1.271500000000000000e+04 1.265500000000000000e+04
1.271600000000000000e+04 1.283600000000000000e+04 1.277600000000000000e+04
1.283700000000000000e+04 1.295700000000000000e+04 1.289700000000000000e+04
1.295800000000000000e+04 1.307800000000000000e+04 1.301800000000000000e+04
1.307900000000000000e+04 1.319900000000000000e+04 1.313900000000000000e+04
1.320000000000000000e+04 1.332000000000000000e+04 1.326000000000000000e+04
1.332100000000000000e+04 1.344100000000000000e+04 1.338100000000000000e+04
1.344200000000000000e+04 1.356200000000000000e+04 1.350200000000000000e+04
1.356300000000000000e+04 1.368300000000000000e+04 1.362300000000000000e+04
1.368400000000000000e+04 1.380400000000000000e+04 1.374400000000000000e+04
1.380500000000000000e+04 1.392500000000000000e+04 1.386500000000000000e+04
1.392600000000000000e+04 1.404600000000000000e+04 1.398600000000000000e+04
1.404700000000000000e+04 1.416700000000000000e+04 1.410700000000000000e+04
1.416800000000000000e+04 1.428800000000000000e+04 1.422800000000000000e+04
1.428900000000000000e+04 1.440900000000000000e+04 1.434900000000000000e+04
1.441000000000000000e+04 1.453000000000000000e+04 1.447000000000000000e+04
1.453100000000000000e+04 1.465100000000000000e+04 1.459100000000000000e+04
1.465200000000000000e+04 1.477200000000000000e+04 1.471200000000000000e+04
1.477300000000000000e+04 1.489300000000000000e+04 1.483300000000000000e+04
1.489400000000000000e+04 1.501400000000000000e+04 1.495400000000000000e+04
1.501500000000000000e+04 1.513500000000000000e+04 1.507500000000000000e+04
1.513600000000000000e+04 1.525600000000000000e+04 1.519600000000000000e+04
1.525700000000000000e+04 1.537700000000000000e+04 1.531700000000000000e+04
1.537800000000000000e+04 1.549800000000000000e+04 1.543800000000000000e+04
1.549900000000000000e+04 1.561900000000000000e+04 1.555900000000000000e+04
